person 0.78 5 171 60 471
person 0.27 10 152 57 229
person 0.94 43 179 184 465
backpack 0.77 73 222 154 312
person 0.85 83 155 167 282
backpack 0.56 183 231 248 301
person 1.0 506 48 578 248
backpack 0.44 760 131 794 203
person 0.89 768 114 833 291
person 0.79 792 199 907 524
person 0.71 797 97 860 283
backpack 0.76 804 253 902 357
person 0.96 863 80 930 238
person 0.97 903 156 1036 451
person 0.26 930 82 1039 350
person 0.78 945 83 1009 234
person 0.84 998 114 1071 272
person 1.0 1070 72 1140 247
person 1.0 1134 194 1279 639
person 0.97 1155 82 1220 252
person 0.94 1220 86 1282 230
handbag 0.72 1296 339 1351 423
person 0.98 1319 185 1426 529
person 0.42 1371 92 1427 221
person 0.99 1407 198 1510 555
handbag 0.37 1410 510 1528 576
person 0.99 1497 195 1616 531
person 0.98 1505 73 1577 246
handbag 0.27 1523 103 1569 166
handbag 0.64 1575 391 1667 492
suitcase 0.54 1580 391 1651 496
person 0.99 1626 191 1755 561
handbag 0.31 1712 330 1788 432
person 0.93 1722 203 1842 517
backpack 0.33 1764 248 1856 364
backpack 0.78 1805 277 1856 370
