person 0.97 1 152 74 289
person 0.99 73 147 168 299
person 1.0 140 111 417 850
person 0.94 352 139 444 410
person 0.34 363 80 426 235
person 0.56 430 104 499 268
person 0.87 451 142 546 403
person 0.97 500 160 652 841
person 0.63 502 109 570 213
handbag 0.9 619 337 713 494
person 0.97 634 63 698 242
person 0.95 706 70 768 252
person 0.97 749 70 809 252
person 0.98 804 73 875 300
backpack 0.26 831 128 874 196
person 0.86 894 98 953 258
person 0.99 931 108 1026 337
person 0.35 965 67 1032 187
person 0.97 1035 68 1127 343
backpack 0.33 1067 140 1116 216
handbag 0.26 1067 140 1116 216
person 0.95 1120 67 1184 292
person 0.99 1224 67 1288 250
person 0.95 1281 71 1335 256
person 1.0 1438 64 1498 259
person 0.46 1870 49 1921 269
