person 0.97 -1 150 75 294
person 0.99 65 149 167 300
backpack 0.86 179 231 251 300
person 0.98 675 146 747 377
backpack 0.64 773 131 812 215
person 0.62 788 102 854 269
person 0.91 789 177 910 533
backpack 0.75 840 241 920 363
person 0.74 859 83 922 219
person 0.95 894 171 976 466
person 0.34 900 81 965 229
person 0.62 938 77 1002 241
person 0.56 946 123 1006 352
backpack 0.29 957 169 1002 242
person 0.88 997 109 1056 334
person 1.0 1129 191 1281 635
person 0.97 1159 78 1224 249
person 0.97 1220 87 1288 230
handbag 0.46 1301 334 1350 423
person 0.99 1317 188 1427 527
person 0.55 1384 87 1420 209
person 0.98 1403 184 1513 537
handbag 0.34 1409 514 1527 573
person 0.99 1495 187 1619 539
person 0.99 1505 75 1577 245
handbag 0.84 1605 421 1702 518
person 0.97 1643 172 1765 553
person 0.77 1684 208 1807 542
backpack 0.7 1790 272 1875 366
handbag 0.33 1790 272 1875 366
person 0.32 1871 63 1921 257
