person 0.96 3 150 74 292
person 0.99 72 146 164 297
person 0.78 167 174 260 443
person 0.99 214 189 350 447
person 0.73 369 71 422 248
person 0.95 420 54 508 320
handbag 0.67 474 191 510 247
handbag 0.39 509 223 559 276
person 1.0 529 172 862 990
person 0.99 544 74 603 315
person 0.87 681 83 744 212
person 0.98 752 60 822 260
person 1.0 788 174 1095 1019
person 0.26 801 73 857 243
person 0.38 845 84 909 179
person 0.82 901 87 964 236
backpack 0.9 960 280 1097 546
person 0.96 964 121 1049 309
person 0.26 1001 85 1046 153
person 0.99 1046 99 1143 343
person 0.48 1056 61 1121 153
backpack 0.47 1066 153 1120 225
person 0.38 1107 111 1163 307
person 0.8 1126 81 1179 235
person 0.89 1175 64 1227 244
person 0.84 1204 69 1260 258
person 0.8 1250 75 1303 251
person 0.98 1275 138 1346 335
person 0.96 1774 86 1847 241
person 0.94 1809 87 1877 242
person 0.48 1874 66 1920 254
