person 0.97 -2 148 76 294
person 0.99 66 149 169 299
backpack 0.71 179 230 249 300
person 0.99 381 50 466 269
person 0.94 516 58 574 261
person 0.92 540 81 603 273
person 0.37 562 44 614 219
person 0.97 604 80 697 327
handbag 0.31 652 150 693 207
handbag 0.26 658 176 687 207
person 1.0 696 155 798 563
backpack 0.65 815 115 843 181
backpack 0.77 820 115 870 185
person 0.93 824 94 883 269
person 0.89 863 168 973 541
person 0.36 866 79 919 241
backpack 0.57 893 234 974 369
handbag 0.34 893 234 974 369
person 0.52 894 82 948 230
person 0.85 930 129 1002 345
person 0.48 943 78 1005 182
person 0.96 997 106 1061 358
person 0.94 1103 77 1151 247
person 0.93 1155 80 1213 252
person 1.0 1189 211 1354 609
person 0.96 1224 90 1288 235
person 0.99 1325 185 1422 530
handbag 0.33 1404 498 1537 576
person 0.99 1410 189 1513 528
person 1.0 1499 200 1616 552
person 0.97 1505 74 1576 245
person 0.99 1637 182 1751 590
handbag 0.51 1645 413 1722 518
handbag 0.6 1698 283 1785 435
person 0.98 1811 200 1917 553
