person 0.96 0 151 78 293
person 0.93 68 147 153 298
person 0.98 123 167 247 473
person 0.61 132 44 210 169
person 0.81 231 182 318 473
person 0.99 273 172 387 485
person 0.84 352 130 433 414
person 0.42 405 90 479 217
person 0.98 437 139 545 413
person 0.81 489 104 563 256
person 0.97 626 151 707 378
person 0.67 632 56 709 204
handbag 0.63 689 272 720 343
umbrella 0.31 689 272 720 343
person 0.95 741 73 809 252
handbag 0.3 747 105 802 166
person 0.99 804 68 876 295
person 0.35 859 63 909 258
person 0.87 898 94 959 259
person 0.99 961 103 1048 343
person 0.31 962 63 1028 190
backpack 0.46 1009 154 1050 225
person 0.92 1038 67 1108 245
person 0.99 1042 186 1293 536
person 0.84 1067 129 1144 341
backpack 0.39 1092 259 1179 389
person 0.32 1104 70 1165 184
person 0.9 1154 69 1219 235
person 0.97 1213 60 1287 244
person 0.63 1237 177 1356 518
person 0.87 1294 73 1350 201
person 0.98 1777 85 1856 239
person 0.67 1871 74 1925 301
