person 0.99 3 177 107 484
person 0.42 3 154 80 279
person 0.99 73 150 171 297
backpack 0.58 167 228 260 305
person 0.95 365 80 431 247
person 0.91 481 190 555 416
person 0.9 568 55 628 246
person 0.87 597 55 652 247
handbag 0.3 607 95 644 170
person 0.96 644 89 719 317
person 0.26 702 70 736 145
person 0.85 719 64 772 240
person 0.95 746 73 817 248
person 0.98 801 74 871 297
person 0.29 852 72 888 119
person 0.93 890 73 961 257
backpack 0.49 940 154 993 224
person 0.95 946 108 1018 336
person 0.32 965 64 1032 196
person 0.29 1020 60 1072 253
person 0.97 1029 88 1119 352
person 0.28 1044 73 1109 243
person 0.91 1109 63 1174 290
person 0.9 1157 73 1216 244
person 0.96 1211 64 1291 246
person 0.86 1271 71 1330 253
person 0.99 1606 79 1680 243
person 0.6 1788 194 1918 574
