person 0.97 -1 149 74 294
person 0.99 67 149 168 298
backpack 0.81 179 231 250 299
person 1.0 392 53 497 253
person 0.97 499 53 576 254
person 0.85 553 66 626 241
person 0.99 568 181 664 511
handbag 0.3 629 138 667 197
backpack 0.61 630 142 669 205
person 0.99 649 99 729 306
person 0.48 764 89 835 227
backpack 0.27 764 89 835 227
backpack 0.43 769 128 812 204
person 0.9 782 190 900 528
backpack 0.58 807 246 886 363
person 0.76 865 77 936 233
person 0.32 887 124 980 413
person 0.83 937 112 1003 371
backpack 0.57 953 168 1003 240
person 0.88 1001 108 1059 358
person 1.0 1131 197 1278 635
person 0.97 1153 81 1226 241
person 0.96 1219 87 1290 230
handbag 0.66 1293 335 1351 424
person 0.99 1317 184 1424 530
person 0.49 1374 91 1427 223
person 0.99 1406 201 1510 553
handbag 0.36 1407 493 1535 577
person 0.99 1497 187 1619 539
person 0.92 1594 82 1656 275
person 0.98 1640 173 1750 582
handbag 0.65 1652 397 1720 494
person 0.97 1724 207 1842 547
backpack 0.87 1808 279 1864 366
