person 0.97 3 151 71 294
person 0.95 73 144 154 335
person 1.0 142 159 245 443
backpack 0.53 195 222 243 301
person 0.87 235 202 327 464
person 0.99 296 207 400 482
person 0.99 391 185 477 452
person 0.99 588 73 660 247
person 0.97 657 54 741 250
person 0.95 748 73 812 237
backpack 0.41 752 195 824 289
person 0.97 767 149 860 405
person 0.98 814 186 945 530
backpack 0.81 845 250 938 361
person 0.95 848 75 924 232
person 0.98 912 129 993 355
handbag 0.42 926 172 980 242
person 0.63 943 82 1009 227
person 0.96 987 96 1054 346
person 0.92 1049 81 1099 239
person 0.99 1097 240 1673 970
person 0.57 1145 174 1398 655
backpack 0.55 1165 267 1322 506
handbag 0.51 1218 420 1455 682
person 0.92 1225 86 1288 214
person 0.4 1432 195 1546 337
person 0.3 1436 209 1567 504
person 0.4 1492 222 1589 537
person 0.75 1529 193 1623 513
person 0.29 1544 216 1620 387
handbag 0.86 1568 400 1659 499
person 1.0 1622 183 1772 577
person 1.0 1762 204 1906 558
person 0.54 1869 260 1918 450
