person 0.39 -2 207 35 508
person 0.7 2 148 77 231
person 0.99 7 207 126 507
person 0.97 76 153 172 282
backpack 0.38 184 230 248 298
person 0.91 366 72 421 245
person 0.7 397 79 492 327
person 0.55 399 74 453 252
person 1.0 530 82 599 336
person 0.87 608 68 674 250
person 0.98 749 72 811 253
person 0.99 802 72 873 300
person 0.9 899 89 961 258
person 0.98 943 103 1030 342
backpack 0.28 951 139 1021 230
person 0.33 966 63 1037 194
person 0.97 1036 92 1126 352
person 0.32 1043 64 1113 186
person 0.86 1116 76 1178 282
person 0.88 1159 69 1215 246
person 0.99 1205 59 1285 246
person 0.79 1287 73 1352 248
person 0.86 1320 202 1389 432
handbag 0.26 1382 332 1423 420
person 0.97 1387 147 1452 348
person 1.0 1462 66 1530 251
person 0.27 1877 51 1924 267
