person 0.97 -1 148 78 292
person 0.99 70 148 170 300
backpack 0.82 179 231 249 300
person 0.99 699 195 795 415
backpack 0.57 772 132 808 197
person 0.91 788 102 844 265
person 0.98 832 191 933 520
backpack 0.43 849 244 918 360
person 0.94 856 88 925 224
person 0.56 903 171 951 472
person 0.48 935 125 1000 246
person 0.68 938 79 1005 180
person 0.91 940 198 1002 436
person 0.98 995 115 1065 323
person 1.0 1131 188 1279 638
person 0.92 1151 75 1209 248
person 0.95 1219 89 1289 226
handbag 0.54 1301 333 1350 424
person 0.99 1315 192 1429 522
person 0.98 1405 209 1511 544
handbag 0.37 1410 513 1527 575
person 0.99 1500 195 1617 532
person 0.97 1505 74 1575 246
handbag 0.83 1582 400 1669 522
person 1.0 1618 186 1768 573
person 1.0 1781 213 1916 546
