person 0.99 -7 192 121 474
person 0.74 1 154 76 260
backpack 0.35 4 245 76 343
person 0.99 78 149 168 290
backpack 0.55 184 232 245 297
person 0.99 206 126 440 822
person 0.88 375 61 476 320
person 0.86 451 101 524 321
person 1.0 488 205 670 792
person 0.99 530 74 592 228
person 1.0 595 62 670 300
handbag 0.97 618 314 707 505
person 0.8 724 58 782 246
handbag 0.5 740 105 798 168
person 0.95 742 67 807 253
person 0.99 803 74 874 300
person 0.81 893 98 954 258
person 0.98 929 111 1023 337
person 0.96 1035 90 1131 344
person 0.28 1045 62 1109 252
backpack 0.33 1072 156 1115 226
person 0.74 1114 82 1174 290
backpack 0.56 1152 168 1196 249
person 0.46 1159 81 1192 159
person 1.0 1220 68 1296 259
person 0.99 1300 71 1370 255
person 1.0 1439 64 1499 260
