person 0.97 0 149 75 292
person 0.99 67 149 168 298
backpack 0.73 180 231 249 300
person 1.0 603 61 666 249
person 0.98 716 46 781 250
person 0.63 756 120 825 352
person 0.94 784 186 898 520
person 0.53 797 75 859 234
backpack 0.7 808 259 894 350
person 0.93 865 79 928 245
person 0.43 887 78 956 249
person 0.99 908 113 1000 374
backpack 0.27 940 122 1002 255
person 0.42 945 76 1005 186
person 0.97 1000 96 1064 366
person 0.99 1061 194 1150 439
person 1.0 1147 208 1321 615
person 0.98 1152 67 1222 260
person 0.91 1218 72 1280 237
person 1.0 1320 179 1420 526
person 1.0 1425 219 1535 536
person 1.0 1531 202 1624 518
handbag 0.77 1572 394 1675 500
car 0.25 1597 203 1669 328
person 0.98 1632 210 1769 552
person 0.26 1759 158 1831 261
person 1.0 1760 197 1901 563
person 0.26 1788 170 1839 240
backpack 0.65 1849 272 1912 370
