person 0.73 14 115 98 240
person 0.99 15 189 143 453
person 0.92 88 151 170 287
backpack 0.63 185 230 246 300
person 1.0 277 178 368 460
person 0.88 365 77 426 243
person 0.99 425 78 504 282
person 0.99 495 81 578 299
person 0.87 572 61 628 249
person 0.99 640 62 716 304
person 0.37 713 63 761 238
person 0.86 740 63 808 250
handbag 0.29 751 104 804 160
person 0.99 800 77 874 293
person 0.65 872 74 929 254
person 0.7 902 79 958 252
person 0.98 942 95 1037 343
person 0.96 1037 83 1138 356
person 0.37 1038 74 1108 244
person 0.34 1106 99 1162 267
person 0.95 1154 70 1213 246
person 0.95 1204 69 1277 243
person 0.95 1209 191 1280 417
handbag 0.28 1261 136 1286 169
person 0.93 1390 88 1451 241
person 0.99 1444 145 1553 351
handbag 0.45 1482 186 1525 250
person 0.97 1626 87 1677 243
person 0.99 1776 85 1855 237
person 0.7 1875 87 1923 273
