person 0.77 0 149 74 271
person 0.95 3 190 131 473
person 1.0 11 91 425 858
person 0.94 77 150 164 283
handbag 0.81 260 191 417 632
person 0.99 365 55 433 252
handbag 0.48 405 104 440 157
person 0.98 491 191 656 805
person 1.0 600 59 675 261
handbag 0.93 618 343 713 488
person 0.73 723 60 781 253
handbag 0.32 740 106 795 167
person 0.86 742 70 806 253
person 0.98 804 78 874 294
person 0.26 859 86 909 272
person 0.86 893 94 955 261
person 0.96 944 111 1014 333
person 0.99 1021 101 1117 341
person 0.27 1038 63 1114 189
person 0.89 1109 75 1176 295
person 0.63 1150 70 1204 244
person 0.99 1196 79 1262 244
person 0.99 1279 70 1341 255
backpack 0.79 1455 365 1611 631
person 1.0 1478 148 1817 1070
person 0.99 1503 70 1574 265
person 0.37 1880 50 1923 268
