person 0.79 -4 79 116 749
person 0.53 2 149 79 283
person 0.94 81 158 243 484
backpack 0.74 186 228 248 300
person 0.98 324 130 414 373
person 0.95 371 62 468 297
person 0.84 482 82 581 338
person 0.83 524 84 624 347
person 0.75 560 48 632 264
person 0.36 619 43 676 224
person 0.96 640 114 709 349
person 0.97 700 44 762 254
person 0.92 757 64 821 257
person 0.57 814 82 880 288
person 0.89 838 79 908 302
person 0.77 896 81 960 229
person 0.94 897 194 1000 500
backpack 0.26 942 248 1007 351
person 0.29 965 76 1039 184
person 0.86 968 118 1047 320
backpack 0.27 996 147 1045 214
person 0.94 1040 93 1138 346
person 0.34 1049 62 1111 195
backpack 0.33 1079 145 1125 215
person 0.62 1108 97 1172 278
person 0.92 1169 67 1221 239
person 0.87 1217 71 1286 244
person 0.97 1263 73 1328 249
person 0.99 1431 70 1486 244
person 1.0 1480 203 1608 556
person 1.0 1664 170 1789 559
person 0.93 1700 88 1759 223
person 0.98 1773 88 1859 234
backpack 0.34 1804 101 1853 164
person 0.64 1873 85 1922 274
