person 0.99 0 147 77 295
person 0.99 68 149 166 298
backpack 0.3 181 234 277 307
person 0.99 194 201 327 494
handbag 0.26 244 275 327 370
handbag 0.45 301 280 349 361
person 0.85 309 95 391 262
person 1.0 322 196 457 501
person 1.0 442 57 504 255
person 0.98 555 69 622 280
person 0.4 635 131 693 341
handbag 0.28 636 138 699 299
handbag 0.57 650 166 694 249
backpack 0.42 769 134 818 195
person 0.93 774 183 905 526
person 0.27 801 79 860 229
backpack 0.45 844 240 916 361
person 0.77 868 82 932 240
person 0.98 930 95 1009 379
backpack 0.28 945 125 1002 296
backpack 0.59 953 169 1007 246
person 0.91 1003 101 1057 366
person 1.0 1130 199 1278 628
person 0.98 1159 82 1224 244
person 0.98 1224 87 1290 229
handbag 0.64 1297 336 1353 422
person 0.97 1313 186 1429 528
person 1.0 1403 183 1508 533
handbag 0.52 1417 497 1533 575
person 1.0 1453 222 1692 666
person 0.82 1654 165 1728 328
person 0.99 1664 211 1856 683
person 0.65 1868 155 1918 392
