person 0.71 1 147 71 237
person 0.98 1 198 89 509
person 0.4 80 152 157 269
handbag 0.68 84 371 142 450
backpack 0.32 96 228 177 374
person 0.97 103 186 215 510
backpack 0.8 123 237 210 365
person 0.99 188 178 277 474
person 0.92 252 152 343 379
person 0.99 471 34 545 260
handbag 0.49 476 320 524 378
person 0.99 483 187 612 536
cell phone 0.3 513 243 529 255
person 0.97 546 40 617 222
person 1.0 591 168 674 489
person 0.95 832 166 924 551
backpack 0.86 848 115 904 185
person 0.68 848 96 914 262
person 0.99 877 159 1018 567
person 0.79 900 71 954 232
person 0.93 952 79 1011 235
person 0.98 1068 75 1138 309
person 0.92 1137 221 1213 447
person 1.0 1193 214 1352 610
person 0.95 1207 77 1274 243
person 0.9 1271 70 1335 236
person 0.99 1326 186 1419 528
person 0.51 1341 81 1410 235
person 0.99 1403 179 1499 534
person 0.99 1535 207 1642 519
handbag 0.64 1576 409 1671 509
person 0.99 1626 195 1768 558
person 0.67 1730 191 1830 525
person 0.93 1749 217 1919 999
person 0.32 1786 199 1830 267
