person 0.87 10 167 119 493
person 0.27 14 122 53 530
person 0.84 76 178 173 490
backpack 0.32 87 210 166 340
person 0.27 88 137 168 288
person 0.88 166 184 270 513
person 0.99 226 173 350 527
person 0.95 299 113 395 375
person 0.94 361 65 435 242
person 1.0 452 173 577 473
person 0.83 466 82 532 216
person 0.99 584 46 653 284
handbag 0.33 744 107 793 164
person 0.89 746 67 807 255
person 0.97 751 206 891 508
person 0.83 796 80 866 242
backpack 0.52 808 258 887 354
person 0.88 863 77 917 248
person 0.79 911 79 977 246
person 0.53 942 78 999 248
person 0.96 984 121 1062 375
person 0.48 1002 70 1074 178
person 0.79 1046 117 1117 350
person 0.71 1104 114 1171 308
person 0.28 1158 69 1217 247
person 0.88 1174 188 1260 529
person 0.68 1213 64 1280 235
person 0.99 1218 226 1368 587
person 0.37 1254 95 1311 227
person 0.68 1299 168 1385 315
handbag 0.84 1312 410 1427 539
person 0.99 1351 213 1467 490
person 0.45 1360 154 1405 211
person 0.74 1455 185 1520 362
person 0.76 1467 79 1541 186
person 1.0 1478 184 1595 564
person 0.34 1496 148 1562 269
handbag 0.77 1559 424 1656 516
person 0.97 1578 176 1715 591
person 0.5 1644 203 1733 561
person 0.97 1698 208 1799 552
person 0.91 1762 79 1838 243
person 0.5 1877 76 1924 285
