person 0.96 1 149 75 292
person 0.99 67 147 168 301
backpack 0.81 180 230 247 298
person 0.95 292 162 383 429
person 0.97 366 160 469 428
person 0.42 381 57 448 204
person 0.69 465 59 523 195
person 0.43 485 107 566 257
person 0.45 516 41 583 157
person 0.43 531 46 602 213
person 0.99 576 174 674 430
person 0.91 608 49 685 218
person 0.95 690 64 751 251
handbag 0.3 749 104 804 165
person 0.81 750 59 817 259
person 0.92 807 65 896 310
person 0.69 851 59 907 311
person 0.7 900 77 955 247
person 0.28 962 79 1029 239
person 0.9 977 117 1052 342
backpack 0.57 995 154 1054 224
person 0.45 1041 69 1106 243
person 0.88 1062 120 1134 349
person 0.81 1101 141 1208 452
person 0.37 1104 90 1166 227
handbag 0.34 1137 230 1210 324
backpack 0.27 1137 230 1210 324
person 0.95 1160 73 1227 239
person 0.98 1211 66 1286 248
person 0.98 1296 160 1372 395
person 0.46 1341 115 1417 204
person 0.99 1361 153 1443 394
person 0.94 1713 86 1773 243
person 0.98 1771 84 1858 241
backpack 0.27 1803 103 1853 165
person 0.46 1873 64 1920 258
