person 0.42 4 145 66 282
person 0.89 13 182 125 482
handbag 0.35 47 407 145 470
person 0.94 51 168 291 641
person 0.4 197 173 291 303
person 0.69 215 172 308 437
person 0.98 291 183 401 454
person 0.87 365 59 433 252
person 0.85 436 116 504 315
person 0.64 443 31 520 165
person 0.94 552 64 622 298
person 0.84 594 57 649 310
person 0.98 651 48 726 271
person 0.6 692 58 745 256
handbag 0.27 742 105 796 168
person 0.81 745 65 817 258
person 0.97 801 75 872 294
person 0.93 865 72 936 255
person 0.41 904 79 968 244
person 0.92 947 192 1043 475
person 0.32 965 66 1029 192
person 0.29 1037 62 1103 189
person 0.95 1046 102 1144 339
person 0.33 1096 103 1156 307
person 0.65 1109 78 1174 240
person 0.97 1157 66 1222 238
person 0.94 1219 71 1288 243
person 0.95 1265 67 1325 249
person 0.98 1302 74 1362 244
person 1.0 1508 203 1614 510
person 1.0 1673 191 1780 517
person 0.95 1703 91 1758 223
person 0.99 1774 89 1858 236
person 0.41 1867 119 1919 367
