person 0.95 3 148 73 288
person 1.0 50 186 186 485
person 0.71 81 153 157 236
backpack 0.41 185 230 245 300
person 1.0 292 188 387 462
handbag 0.39 333 268 386 315
person 0.99 394 202 498 494
handbag 0.39 449 253 518 346
person 0.96 755 70 827 242
backpack 0.38 829 114 874 189
backpack 0.6 846 189 901 260
person 0.96 847 144 921 388
person 0.35 866 75 925 234
person 0.9 900 75 955 234
person 0.97 931 183 1046 538
person 0.91 951 77 1023 234
person 0.94 1019 163 1118 556
person 0.86 1057 81 1115 227
person 0.71 1061 179 1138 286
person 0.94 1132 123 1202 289
person 0.99 1199 192 1350 629
person 0.8 1224 81 1282 244
person 0.51 1266 110 1328 244
person 0.99 1326 183 1424 533
person 0.99 1405 186 1515 533
handbag 0.25 1409 511 1530 575
person 0.98 1505 72 1574 257
handbag 0.45 1507 346 1546 404
person 1.0 1525 203 1638 524
person 0.98 1641 162 1765 560
handbag 0.73 1707 414 1795 509
person 0.96 1739 199 1861 521
backpack 0.58 1814 278 1890 363
