person 0.51 -1 122 76 532
person 0.97 1 150 77 293
person 0.99 72 148 167 299
backpack 0.65 184 228 245 300
person 0.96 317 143 405 407
person 0.43 351 55 435 147
person 0.55 356 100 437 268
person 0.99 394 201 501 433
person 0.3 431 149 503 279
person 0.96 473 57 549 271
person 0.99 534 175 626 433
person 0.99 665 60 726 239
person 0.54 723 60 775 240
person 0.85 741 183 833 465
person 0.71 742 63 811 242
person 0.97 782 190 887 519
person 0.63 801 80 872 239
backpack 0.77 810 251 886 363
person 0.76 856 75 913 242
handbag 0.85 860 478 1025 582
person 0.96 872 196 994 635
person 0.68 903 75 968 231
person 0.97 980 126 1057 365
person 0.38 985 83 1026 157
person 0.87 1046 110 1112 354
person 0.85 1109 108 1166 300
person 0.78 1151 83 1204 296
person 0.99 1168 151 1284 563
person 0.63 1200 85 1253 226
handbag 0.26 1255 298 1292 373
person 0.93 1257 96 1315 268
handbag 0.4 1316 329 1357 397
person 1.0 1318 175 1436 527
person 0.88 1321 117 1381 261
person 0.59 1376 118 1438 239
handbag 0.53 1409 393 1477 488
person 1.0 1427 162 1582 559
umbrella 0.56 1448 402 1523 539
handbag 0.75 1525 243 1593 411
person 0.99 1677 201 1813 552
person 0.82 1749 123 1817 247
person 0.75 1773 77 1834 242
person 0.93 1825 87 1889 242
person 0.39 1884 92 1924 270
