person 0.96 -2 198 109 522
person 0.75 3 153 78 264
person 0.98 75 150 169 289
backpack 0.76 182 231 249 299
person 0.93 399 49 499 324
handbag 0.38 422 177 499 308
person 0.99 558 99 635 336
person 0.97 720 67 779 241
person 0.54 747 69 802 237
handbag 0.26 763 172 813 245
person 0.25 765 66 813 195
person 0.96 779 129 848 343
person 0.84 804 64 859 192
person 0.98 811 186 951 531
backpack 0.59 858 250 941 356
person 0.78 861 78 935 236
person 0.98 927 124 1003 362
person 0.56 938 80 1000 180
backpack 0.5 939 127 1006 255
person 0.94 995 107 1061 335
person 1.0 1145 203 1332 620
person 0.86 1156 104 1225 280
person 0.66 1218 77 1269 235
person 0.27 1242 90 1296 217
person 1.0 1320 176 1420 526
person 0.42 1373 95 1430 216
handbag 0.39 1412 513 1527 575
person 0.99 1422 224 1538 526
person 0.97 1521 205 1600 513
handbag 0.68 1640 423 1736 505
person 0.98 1640 190 1760 582
handbag 0.66 1715 292 1795 426
person 0.99 1763 201 1904 554
backpack 0.67 1851 271 1914 372
