person 1.0 -3 194 342 1070
person 0.88 1 148 74 233
person 0.86 86 150 152 210
person 0.97 160 168 256 447
person 0.99 570 128 821 948
person 0.97 635 64 698 244
person 0.92 698 56 757 158
person 0.98 823 67 883 236
person 0.99 875 162 1017 561
backpack 0.74 877 119 926 189
person 0.49 886 90 953 270
person 0.9 952 71 1022 239
person 0.57 985 72 1046 241
person 0.99 1091 71 1144 247
person 1.0 1174 194 1338 631
person 0.98 1208 73 1275 250
person 0.68 1256 105 1330 254
person 0.27 1283 63 1337 127
person 0.27 1294 58 1361 204
person 0.61 1309 105 1371 258
person 0.98 1324 179 1421 533
person 0.99 1403 187 1513 536
person 1.0 1524 209 1644 541
person 0.81 1619 190 1762 564
handbag 0.58 1645 422 1737 515
person 0.92 1724 198 1832 558
backpack 0.33 1760 248 1848 361
