person 0.75 2 149 76 282
person 0.99 2 206 79 507
person 0.94 77 191 203 513
person 0.63 77 150 162 275
person 1.0 193 170 285 475
person 0.99 310 102 420 341
person 1.0 447 166 549 526
person 0.99 543 159 652 539
person 0.9 557 61 615 183
backpack 0.27 600 221 672 327
person 0.62 603 92 671 226
person 0.99 653 37 736 266
person 0.96 818 86 879 268
backpack 0.37 825 115 864 187
person 0.27 846 84 903 273
person 0.26 849 54 893 129
person 0.49 866 70 919 244
person 1.0 873 176 1023 573
person 0.63 897 73 957 231
person 0.79 951 77 1020 237
person 0.87 996 76 1061 243
person 0.89 1043 78 1103 239
person 0.82 1120 69 1180 236
handbag 0.27 1131 114 1168 185
person 0.93 1160 73 1221 249
person 0.99 1175 188 1334 625
handbag 0.35 1207 151 1238 182
person 0.84 1220 87 1284 238
person 0.98 1327 180 1419 534
person 0.98 1398 197 1498 523
person 0.61 1476 218 1542 438
person 0.9 1505 72 1575 231
person 0.43 1507 187 1552 257
person 1.0 1534 191 1638 537
person 0.96 1650 180 1752 580
handbag 0.73 1685 413 1766 518
person 0.99 1731 200 1848 553
backpack 0.72 1804 277 1859 359
