person 0.9 3 145 60 324
person 0.99 69 149 166 295
backpack 0.33 184 249 257 352
person 0.96 190 206 300 484
person 0.95 237 95 336 343
person 0.98 342 107 445 383
person 0.97 558 58 630 248
person 0.46 605 75 671 245
backpack 0.79 620 104 667 170
person 0.69 645 78 707 239
person 0.84 754 80 812 237
person 0.29 769 145 832 330
person 0.26 787 140 864 286
person 0.88 790 186 907 533
person 0.68 815 67 866 186
backpack 0.32 837 245 912 363
handbag 0.28 837 245 912 363
person 0.93 867 73 933 246
person 0.99 927 120 1014 376
backpack 0.62 938 135 1015 249
person 0.49 946 80 1014 180
person 0.82 998 102 1068 336
person 0.64 1045 97 1096 231
person 0.99 1105 91 1167 273
person 1.0 1146 205 1323 617
person 0.79 1167 162 1237 283
person 0.77 1230 83 1290 215
person 0.99 1316 167 1426 538
person 0.84 1358 90 1427 225
person 0.99 1419 182 1524 541
person 0.99 1518 189 1638 540
person 0.99 1640 176 1760 578
person 0.49 1684 201 1793 557
handbag 0.48 1703 415 1782 519
person 0.96 1729 208 1843 511
backpack 0.75 1808 279 1860 369
