person 0.96 3 150 74 291
person 0.31 16 34 1321 277
person 0.41 57 146 114 295
person 0.99 64 166 207 523
person 0.95 217 92 311 331
person 0.97 377 110 440 352
person 0.55 442 60 510 188
person 0.97 459 130 540 350
person 0.66 509 69 582 242
person 0.49 581 49 659 256
person 0.93 602 116 696 360
person 0.58 663 59 736 205
person 0.47 691 62 755 241
person 0.51 747 71 816 251
backpack 0.36 751 102 807 170
handbag 0.28 751 102 807 170
person 0.96 804 76 880 290
person 0.55 863 75 933 247
person 0.58 908 71 966 242
person 0.73 949 71 1013 247
person 0.95 975 123 1059 340
person 0.32 1038 71 1110 186
person 0.94 1050 93 1143 343
person 0.28 1112 98 1169 276
person 0.67 1165 82 1220 233
person 0.26 1176 207 1234 432
handbag 0.27 1193 227 1261 318
person 0.82 1217 98 1287 321
person 0.99 1288 109 1358 320
person 0.98 1639 191 1731 399
person 0.98 1699 90 1751 233
person 0.99 1773 87 1858 238
person 0.58 1874 59 1919 262
