person 0.97 0 192 174 556
backpack 0.81 78 234 169 358
handbag 0.29 78 234 169 358
person 0.96 86 153 166 282
person 0.99 181 176 283 409
person 0.96 350 143 418 357
person 0.98 413 179 486 397
person 1.0 550 55 617 258
person 0.98 607 44 691 258
handbag 0.51 751 115 802 185
person 0.96 755 74 821 275
person 0.96 793 205 896 518
backpack 0.59 806 250 891 358
person 0.84 809 98 872 262
person 0.97 869 75 929 245
person 0.99 926 113 1004 379
person 0.49 945 75 1009 239
handbag 0.27 972 173 1012 234
person 0.91 1004 79 1087 353
person 0.99 1102 44 1177 265
person 1.0 1146 208 1335 613
person 0.94 1189 78 1262 246
person 0.77 1264 99 1324 223
person 1.0 1316 179 1433 523
person 0.53 1339 130 1427 245
person 0.65 1407 95 1469 227
person 1.0 1417 213 1542 547
person 1.0 1536 191 1642 530
person 0.99 1627 172 1769 588
handbag 0.78 1632 411 1696 533
person 1.0 1763 198 1908 561
person 0.26 1861 140 1917 345
person 0.45 1868 253 1917 448
