person 0.9 1 151 75 290
person 0.41 2 206 39 614
person 0.3 42 148 115 292
person 0.98 74 147 169 296
backpack 0.51 186 231 246 299
person 0.42 241 150 316 334
person 0.95 259 194 378 454
person 0.45 335 48 404 208
person 0.99 363 192 462 445
person 0.39 384 76 459 239
person 0.96 443 194 550 443
person 0.75 453 62 522 192
person 0.82 486 132 578 296
person 0.77 510 63 583 198
person 0.99 637 91 714 315
person 0.91 713 45 779 250
handbag 0.63 750 103 803 164
person 0.38 754 65 817 254
person 0.93 807 60 879 308
person 0.99 844 200 1008 503
backpack 0.33 859 278 941 373
handbag 0.3 859 278 941 373
person 0.78 887 79 966 241
person 0.28 960 63 1032 148
person 0.86 962 106 1040 321
backpack 0.42 1007 154 1051 222
person 0.95 1029 170 1148 492
person 0.87 1031 67 1110 243
person 0.65 1099 75 1159 241
person 0.99 1156 68 1224 250
person 0.99 1215 58 1291 248
person 0.96 1285 73 1352 253
person 0.98 1775 83 1857 237
person 0.6 1872 83 1924 274
