person 0.74 1 154 72 268
person 0.99 12 160 355 1012
person 0.49 88 151 139 205
person 0.9 198 94 442 873
person 0.96 368 53 431 252
person 1.0 472 164 654 835
handbag 0.93 580 328 682 490
handbag 0.63 737 104 796 168
person 0.96 738 66 806 256
person 0.99 797 66 889 311
backpack 0.26 827 124 872 198
person 0.32 867 76 921 241
person 0.51 888 70 954 251
person 0.31 896 49 944 103
person 0.96 937 113 1016 330
person 0.3 947 73 992 139
person 0.26 953 73 1023 182
person 0.4 978 70 1020 141
person 0.99 1006 93 1088 336
person 0.43 1062 76 1117 238
person 0.98 1109 73 1178 302
person 1.0 1195 77 1264 249
person 0.99 1280 69 1341 252
handbag 0.58 1335 300 1373 347
person 0.93 1344 192 1428 393
person 1.0 1636 100 1709 306
person 0.29 1878 82 1922 287
