person 0.98 1 150 79 294
person 0.96 69 149 156 294
person 0.99 98 173 246 524
person 0.46 215 109 304 255
person 0.98 222 178 332 470
person 0.91 292 153 382 457
person 0.31 367 61 464 316
person 0.99 371 174 480 481
person 0.99 532 41 600 257
person 0.99 587 174 692 465
handbag 0.39 635 212 706 347
person 0.74 636 69 697 240
person 0.97 748 68 814 255
person 0.99 784 208 888 518
person 0.81 796 83 872 244
person 0.77 868 75 925 242
person 0.76 907 74 971 243
person 0.98 933 182 1049 452
person 0.25 976 57 1020 130
person 0.65 1004 122 1075 354
person 0.63 1060 109 1131 326
person 0.99 1101 192 1265 634
person 0.36 1115 101 1164 269
person 0.56 1150 83 1221 226
handbag 0.92 1176 441 1297 566
person 0.59 1205 67 1280 195
person 0.77 1208 205 1287 387
person 0.46 1258 129 1326 306
handbag 0.47 1304 311 1376 400
person 0.58 1313 117 1369 263
person 1.0 1321 180 1460 521
person 0.93 1424 127 1484 307
handbag 0.48 1463 327 1505 405
person 0.9 1468 194 1591 559
handbag 0.76 1491 418 1582 529
person 0.98 1502 164 1674 590
person 0.94 1590 82 1666 241
person 0.99 1679 206 1811 549
person 0.99 1775 82 1856 248
person 0.61 1881 74 1924 284
