person 0.98 -1 149 78 294
person 0.98 71 150 166 295
handbag 0.33 121 212 236 340
person 0.95 146 80 416 867
handbag 0.68 265 270 420 616
person 0.99 366 53 431 253
handbag 0.33 404 94 440 155
person 0.99 500 177 663 818
person 0.98 560 71 627 241
person 0.41 605 73 658 236
handbag 0.95 622 340 714 489
person 0.98 658 63 737 244
backpack 0.3 673 96 711 171
handbag 0.53 745 107 796 165
person 0.98 747 64 812 260
person 0.25 799 62 842 120
person 0.97 807 76 879 292
person 0.8 894 95 956 257
person 0.98 947 103 1018 341
person 0.39 1022 60 1080 252
person 0.99 1030 94 1138 344
person 0.29 1037 64 1118 189
person 0.41 1114 94 1168 274
person 0.85 1147 74 1204 243
person 0.98 1198 81 1265 245
person 0.98 1284 73 1355 249
person 0.94 1479 76 1541 258
person 0.28 1807 198 1919 464
