person 0.95 -1 152 76 290
person 0.99 70 148 165 300
person 0.99 151 212 287 548
person 0.95 366 93 434 256
person 0.99 427 184 498 450
person 0.74 438 52 508 210
person 0.81 492 69 560 257
person 0.99 532 190 626 443
person 0.42 550 137 634 288
person 0.41 557 68 624 177
person 0.64 625 90 703 277
person 0.57 687 57 767 208
person 0.98 687 174 797 445
person 0.67 756 68 818 249
handbag 0.3 770 274 808 338
person 0.61 804 80 872 287
person 0.61 843 77 901 298
person 0.93 898 92 964 264
person 0.94 965 110 1037 327
person 0.96 1037 91 1133 349
person 0.5 1111 88 1169 280
person 0.92 1156 69 1215 246
person 0.94 1207 67 1288 247
person 0.91 1273 73 1337 252
person 0.99 1586 95 1678 253
handbag 0.26 1633 178 1673 227
person 0.99 1783 84 1850 241
backpack 0.3 1808 101 1854 161
person 0.79 1878 86 1923 272
