person 0.78 2 148 78 271
person 0.97 2 209 84 508
person 1.0 73 222 776 1051
person 0.78 78 149 163 283
person 0.49 110 194 218 511
person 0.96 258 103 322 212
person 0.95 304 124 389 237
person 0.98 398 82 472 282
handbag 0.56 510 252 578 344
person 0.99 523 202 625 465
person 0.96 525 43 613 210
cell phone 0.35 570 250 587 271
person 0.97 606 40 675 206
person 0.99 622 169 709 439
backpack 0.87 818 116 864 189
person 0.95 828 83 883 281
person 0.26 868 76 919 247
person 0.99 879 153 1015 576
person 0.69 892 79 950 236
person 0.82 947 86 1013 226
backpack 0.45 968 122 1011 177
person 0.99 1005 44 1082 251
backpack 0.31 1098 282 1281 658
backpack 0.28 1098 173 1390 788
person 0.97 1139 60 1547 1120
person 0.97 1198 75 1268 245
person 0.85 1266 69 1333 202
person 0.56 1346 179 1565 765
person 0.43 1393 183 1499 533
person 0.87 1424 74 1478 201
backpack 0.32 1435 254 1528 398
person 0.97 1448 189 1628 685
person 0.29 1492 158 1551 265
person 0.29 1546 177 1650 595
person 0.96 1641 190 1765 566
handbag 0.61 1670 418 1754 516
handbag 0.3 1719 292 1787 425
person 0.9 1745 203 1841 516
person 0.98 1842 207 1916 493
