person 0.99 0 177 81 700
person 0.83 4 148 69 284
person 0.99 56 160 156 444
person 0.65 98 153 168 281
handbag 0.37 174 226 249 297
backpack 0.79 184 230 245 298
person 1.0 229 130 329 398
handbag 0.3 295 224 329 271
person 0.99 495 69 562 240
person 0.97 532 203 630 437
person 0.99 595 44 663 255
person 0.98 651 73 717 238
person 0.5 759 115 830 249
person 0.98 784 196 906 528
person 0.33 791 82 850 230
backpack 0.45 854 241 919 363
person 0.56 865 82 936 234
person 0.98 931 102 1011 375
backpack 0.33 940 125 1001 298
person 0.73 1003 108 1061 361
person 0.95 1115 99 1183 257
person 1.0 1130 194 1280 631
person 0.45 1153 97 1214 255
person 0.86 1221 86 1288 230
handbag 0.52 1297 339 1358 422
person 0.98 1317 191 1427 520
person 0.99 1406 182 1499 532
handbag 0.41 1408 494 1533 575
person 1.0 1493 203 1615 550
handbag 0.73 1580 387 1673 495
suitcase 0.3 1580 387 1673 495
person 0.99 1628 188 1764 570
person 0.41 1691 216 1798 543
handbag 0.43 1722 279 1794 437
person 0.59 1731 215 1860 548
person 0.91 1788 223 1898 540
person 0.88 1843 227 1917 546
