person 0.96 1 152 73 289
person 0.99 71 148 168 299
backpack 0.42 172 223 259 310
person 1.0 206 105 430 831
person 0.39 359 66 435 194
person 0.9 369 129 455 403
person 0.98 438 80 517 277
backpack 0.55 458 115 513 185
person 1.0 484 134 661 865
person 0.57 508 87 574 227
person 0.95 522 124 610 247
handbag 0.56 567 162 608 223
handbag 0.96 611 317 694 506
person 0.99 659 67 732 239
person 1.0 747 69 813 256
person 0.99 806 68 878 302
person 0.9 893 89 954 265
person 0.99 932 108 1026 335
person 0.36 963 65 1031 188
person 0.95 1035 83 1128 339
backpack 0.28 1056 115 1119 258
backpack 0.36 1069 145 1120 212
person 0.75 1118 80 1175 285
person 0.27 1152 72 1206 242
handbag 0.36 1152 169 1197 245
handbag 0.26 1178 179 1209 236
person 0.98 1227 73 1288 250
person 0.79 1273 72 1322 254
person 0.95 1293 72 1344 257
person 1.0 1440 67 1500 257
person 0.43 1875 48 1922 268
