person 0.33 -2 157 37 497
person 0.96 4 179 135 473
person 0.98 78 148 168 293
backpack 0.57 183 230 246 300
person 0.96 256 159 339 428
person 0.97 319 167 429 447
person 0.91 362 69 431 243
person 0.98 432 49 526 304
handbag 0.38 497 176 539 236
person 0.99 561 78 637 293
handbag 0.46 597 114 641 188
person 0.98 713 70 771 252
handbag 0.5 751 101 805 166
person 0.92 766 71 828 250
person 0.48 800 69 853 249
person 1.0 806 158 1052 927
person 0.78 841 93 909 272
person 0.74 900 75 971 192
person 0.96 966 112 1047 325
person 0.99 984 128 1309 1032
person 0.92 1043 63 1109 244
person 0.66 1114 71 1179 238
person 0.94 1172 67 1233 248
backpack 0.6 1185 290 1297 522
person 0.8 1202 65 1257 244
person 0.99 1239 117 1314 312
person 0.45 1259 77 1318 231
person 0.98 1787 80 1867 247
person 0.6 1875 78 1924 278
