person 0.98 -3 179 122 480
person 0.6 3 154 77 276
person 0.98 77 149 171 290
person 0.98 169 155 266 402
person 0.84 330 146 444 460
person 0.69 361 63 432 242
person 0.95 458 135 571 477
person 0.81 493 79 562 228
person 0.95 562 98 636 314
person 0.96 645 57 712 262
person 0.34 708 75 762 246
person 0.88 764 63 825 258
person 0.28 812 96 875 259
person 1.0 819 198 961 519
person 0.51 835 88 909 265
backpack 0.72 883 243 959 364
person 0.85 900 81 965 242
person 0.99 982 126 1047 345
person 0.29 1006 83 1045 154
person 0.79 1057 112 1121 266
person 0.99 1077 190 1223 650
person 0.27 1106 67 1140 148
person 0.77 1122 82 1180 231
handbag 0.74 1158 332 1237 441
person 0.86 1166 70 1222 238
person 0.33 1210 75 1262 231
person 1.0 1218 175 1319 487
person 0.8 1242 80 1306 225
handbag 0.73 1406 313 1448 362
person 1.0 1408 203 1511 470
person 0.99 1504 201 1605 453
person 0.98 1583 209 1692 424
person 0.97 1779 84 1844 239
person 0.91 1823 84 1884 241
person 0.63 1871 93 1918 264
