person 0.89 2 206 149 606
person 0.25 2 151 34 232
handbag 0.5 8 199 144 521
handbag 0.45 17 364 132 453
person 0.73 21 151 110 268
person 0.89 84 150 161 287
person 0.96 156 171 275 436
handbag 0.77 199 217 279 317
person 0.95 500 79 572 287
backpack 0.32 544 242 589 336
person 0.96 555 202 631 454
person 0.98 665 53 732 256
person 0.61 707 58 766 254
handbag 0.71 761 172 817 240
person 0.41 765 134 830 337
person 0.96 786 179 911 531
person 0.68 795 68 857 185
backpack 0.42 848 268 920 374
person 0.97 866 77 930 246
person 0.97 924 124 1016 373
person 0.72 935 78 1009 235
backpack 0.59 984 172 1018 242
person 0.71 1000 114 1057 355
person 0.99 1111 138 1164 335
person 0.98 1150 218 1324 609
person 0.73 1153 91 1202 239
person 0.9 1225 82 1283 224
person 0.34 1303 207 1354 260
person 0.99 1310 188 1404 518
person 0.98 1407 190 1512 530
handbag 0.43 1411 513 1529 574
person 0.74 1507 159 1581 327
person 0.99 1511 203 1640 548
handbag 0.68 1613 405 1665 496
person 0.99 1631 194 1758 557
person 0.88 1724 222 1837 538
backpack 0.62 1758 249 1853 365
backpack 0.41 1802 279 1855 369
