person 0.71 -1 165 45 495
person 0.86 2 150 76 295
person 0.89 74 152 155 273
person 0.98 106 201 240 491
backpack 0.27 183 226 259 311
person 0.93 364 73 426 249
person 0.49 408 64 463 263
person 0.95 430 69 504 298
person 0.86 479 69 545 252
handbag 0.44 500 123 545 173
person 0.99 549 76 620 310
person 0.99 640 75 716 245
person 0.98 749 70 810 254
person 0.98 802 77 873 296
person 0.59 870 64 928 249
person 0.76 894 73 959 252
person 0.31 936 78 970 164
person 0.98 942 103 1031 342
person 0.31 964 63 1035 194
person 0.27 1042 65 1113 187
person 0.95 1048 115 1122 351
person 0.91 1114 76 1179 289
person 0.67 1163 67 1213 247
handbag 0.36 1199 125 1245 175
person 0.97 1208 56 1283 248
person 0.62 1260 76 1316 239
suitcase 0.34 1285 330 1360 416
person 0.79 1292 75 1356 242
person 0.28 1309 151 1374 329
person 0.32 1341 133 1399 337
person 1.0 1439 69 1502 254
person 0.32 1875 47 1923 270
