person 0.85 2 147 77 276
person 0.99 4 208 84 503
person 0.77 81 150 159 233
person 0.9 84 192 192 507
handbag 0.25 96 384 147 450
backpack 0.27 130 237 214 363
person 0.99 167 175 272 488
person 0.96 421 47 527 274
handbag 0.57 430 310 504 409
person 0.99 442 218 595 557
person 0.33 484 66 539 244
person 1.0 564 181 668 527
person 0.84 841 163 929 549
person 0.67 860 86 929 236
backpack 0.29 873 118 926 187
person 0.99 874 146 1020 576
person 0.43 917 76 969 237
person 0.87 954 79 1020 239
person 0.81 991 80 1041 245
person 0.34 1089 128 1182 412
person 0.47 1091 142 1180 271
person 1.0 1113 213 1195 449
person 1.0 1192 214 1352 604
person 0.92 1206 76 1277 247
person 0.93 1271 71 1337 238
person 1.0 1328 190 1418 525
person 0.99 1404 181 1502 533
person 1.0 1530 207 1641 543
person 0.92 1647 192 1758 567
handbag 0.74 1654 416 1746 518
handbag 0.6 1706 292 1780 431
person 0.92 1725 203 1835 557
person 0.71 1880 210 1917 440
person 0.3 1890 232 1920 586
