person 0.98 -2 152 75 289
person 0.99 71 148 170 297
person 0.95 161 116 404 833
backpack 0.32 204 189 473 778
person 0.92 333 168 734 1024
person 0.96 367 59 431 241
backpack 0.32 403 108 441 155
handbag 0.4 616 341 712 491
person 0.99 739 59 810 261
handbag 0.29 742 103 791 166
backpack 0.49 794 87 872 231
person 0.97 796 64 889 299
person 0.64 867 68 925 255
person 0.76 889 76 953 253
person 0.98 939 109 1014 335
person 0.27 955 64 1027 197
person 0.98 1021 84 1109 335
backpack 0.4 1050 131 1095 196
person 0.94 1110 81 1180 289
person 0.99 1194 75 1265 249
person 1.0 1280 69 1341 256
handbag 0.85 1408 336 1454 388
person 0.66 1416 211 1529 420
handbag 0.26 1418 232 1496 404
person 0.99 1593 97 1666 293
