person 0.96 2 180 129 471
person 0.96 76 150 171 289
person 0.89 144 104 249 265
person 0.94 190 113 438 840
handbag 0.69 210 239 422 647
handbag 0.41 234 435 406 615
person 0.88 371 62 428 249
person 0.97 418 46 521 334
person 0.97 468 184 715 811
handbag 0.97 608 324 716 493
person 0.92 697 50 757 248
person 0.95 747 66 813 259
person 0.97 809 76 880 295
person 0.43 863 73 917 248
person 0.39 888 83 951 240
handbag 0.29 893 177 939 242
person 0.94 934 117 1012 324
backpack 0.43 935 154 993 225
person 0.51 948 72 989 138
person 0.38 978 71 1021 139
person 0.99 1004 89 1087 335
person 0.41 1057 64 1102 150
person 0.34 1064 77 1115 241
person 0.95 1107 77 1177 294
handbag 0.29 1188 225 1229 271
person 0.96 1197 75 1272 302
person 1.0 1278 67 1341 256
backpack 0.74 1728 125 1785 192
person 0.98 1739 90 1831 340
person 0.97 1837 187 1920 581
