person 0.96 2 149 76 295
person 0.99 7 225 187 1061
person 0.99 72 148 167 300
backpack 0.66 183 231 248 300
person 0.98 292 184 381 451
person 0.92 380 58 441 261
backpack 0.55 405 107 441 156
person 0.99 431 196 542 435
person 0.99 515 43 579 248
person 0.99 615 36 681 266
person 0.95 684 81 738 239
person 0.83 747 71 811 256
handbag 0.34 749 104 799 166
person 0.99 800 76 871 291
person 0.91 895 91 957 262
person 0.98 944 105 1031 341
person 0.96 1033 91 1126 349
handbag 0.28 1068 149 1119 213
person 0.92 1116 71 1178 293
person 0.61 1155 69 1206 251
person 0.96 1190 47 1283 327
person 0.91 1276 75 1335 250
person 1.0 1436 63 1500 257
person 0.37 1873 48 1922 269
