person 0.98 1 149 75 293
person 0.99 69 148 164 299
person 0.87 183 213 286 450
person 0.9 230 207 339 458
handbag 0.39 289 244 354 345
person 1.0 296 189 545 1009
person 0.91 366 69 431 237
person 0.99 445 112 518 321
person 0.42 533 94 597 227
person 0.97 553 124 626 352
person 0.89 596 58 656 196
person 0.93 715 48 761 249
person 0.95 748 67 808 254
person 0.98 804 72 872 298
person 0.25 872 74 919 253
person 0.75 897 94 959 258
person 0.97 938 105 1026 339
backpack 0.48 941 155 998 222
person 0.39 960 62 1035 195
person 0.94 1032 80 1126 349
backpack 0.28 1048 117 1114 253
backpack 0.25 1069 151 1121 225
person 0.84 1113 71 1175 288
person 0.92 1165 66 1225 262
person 0.97 1223 75 1289 248
person 0.92 1285 77 1349 250
person 1.0 1438 66 1499 258
person 0.32 1875 46 1923 271
