person 0.58 6 153 58 284
person 0.83 20 165 125 445
backpack 0.48 35 214 113 323
person 0.92 73 180 193 456
person 0.31 78 150 151 234
handbag 0.51 139 341 190 407
person 0.98 255 139 361 357
person 0.96 297 93 378 224
person 0.99 443 47 514 250
person 1.0 505 54 583 257
person 0.99 607 49 672 258
person 0.95 662 49 728 254
person 0.77 746 69 806 254
handbag 0.38 754 140 817 284
person 0.58 785 126 847 352
person 0.25 801 68 852 196
person 0.97 816 191 950 526
backpack 0.58 855 243 939 358
person 0.8 870 79 936 232
person 0.97 928 112 1002 368
person 0.45 938 81 1006 237
person 0.95 999 101 1060 362
person 0.99 1149 211 1329 608
person 0.99 1153 64 1219 254
person 0.68 1217 84 1282 232
person 0.57 1241 75 1304 225
person 1.0 1321 178 1421 523
person 0.41 1375 88 1429 214
person 1.0 1419 192 1525 533
person 1.0 1519 181 1629 552
handbag 0.68 1579 417 1684 512
person 0.99 1627 178 1765 584
person 0.99 1765 196 1903 562
backpack 0.58 1852 272 1913 371
