person 0.51 4 163 85 444
person 0.78 7 205 216 857
person 0.34 44 53 133 186
person 0.99 58 214 227 545
person 0.4 84 151 165 234
handbag 0.36 178 350 238 430
person 0.6 178 172 276 494
person 0.99 215 160 325 510
person 0.87 363 70 432 232
person 0.99 373 199 455 468
person 1.0 476 46 548 271
backpack 0.25 481 290 558 429
person 0.99 508 172 686 763
person 0.82 554 56 610 238
person 0.91 603 61 663 233
person 0.95 665 50 732 243
person 0.88 762 65 821 254
person 0.49 799 73 847 246
person 0.98 812 186 961 531
person 0.55 846 90 910 264
backpack 0.85 875 246 960 365
person 0.9 902 78 967 239
backpack 0.53 975 156 1032 221
person 0.94 978 116 1053 321
person 0.93 1040 84 1134 345
person 0.3 1045 77 1112 183
backpack 0.25 1077 143 1122 217
person 0.86 1118 79 1176 293
person 0.71 1165 70 1222 248
person 0.83 1209 105 1268 302
person 0.75 1257 74 1310 250
person 0.9 1303 124 1407 338
person 0.96 1779 83 1845 241
person 0.85 1819 84 1882 244
person 0.72 1868 93 1917 265
