person 0.98 2 149 73 293
person 0.95 68 145 151 302
person 0.81 121 177 223 410
backpack 0.36 193 226 248 302
person 0.88 266 150 375 446
person 0.99 350 28 413 261
person 1.0 444 48 521 259
person 0.98 524 42 605 253
person 0.98 604 40 667 257
person 0.97 696 77 752 253
person 0.34 761 80 820 236
handbag 0.66 763 178 813 238
person 0.89 784 118 849 354
person 0.97 811 193 953 523
person 0.42 820 67 872 191
backpack 0.66 854 250 941 359
person 0.51 869 72 920 238
person 0.56 896 78 953 241
person 0.91 932 107 1007 366
person 0.36 944 80 1004 238
backpack 0.38 953 167 1005 242
person 0.9 994 102 1059 338
person 0.93 1047 79 1097 239
person 1.0 1150 209 1330 615
person 0.61 1225 80 1281 232
person 0.81 1260 82 1326 233
person 0.99 1324 181 1416 523
person 0.3 1374 92 1428 216
person 1.0 1400 187 1505 533
handbag 0.4 1411 517 1529 574
person 1.0 1498 193 1618 534
handbag 0.46 1612 420 1662 501
person 0.55 1619 213 1677 388
person 1.0 1629 187 1765 568
person 0.99 1784 207 1916 548
