person 0.98 -1 147 76 291
person 0.99 68 149 170 297
backpack 0.72 179 230 250 300
person 0.99 605 72 661 246
person 0.97 655 67 723 246
person 1.0 699 183 797 507
person 0.6 716 76 767 234
person 0.92 745 73 801 239
backpack 0.3 812 114 843 185
person 0.88 820 90 877 239
person 0.96 824 199 920 518
backpack 0.87 844 252 930 365
person 0.97 870 76 931 249
person 0.69 936 92 1009 275
person 0.81 966 207 1043 437
person 0.84 996 116 1063 260
person 0.98 1045 198 1135 437
handbag 0.34 1048 241 1128 364
handbag 0.59 1062 268 1120 334
person 1.0 1124 180 1274 637
person 0.88 1153 76 1214 227
person 0.92 1220 87 1290 227
handbag 0.56 1302 332 1351 422
person 1.0 1315 186 1426 530
person 0.98 1406 213 1512 542
handbag 0.44 1407 492 1533 577
person 1.0 1493 211 1621 539
person 0.97 1504 73 1574 246
person 0.99 1643 177 1758 591
handbag 0.94 1660 419 1754 514
handbag 0.26 1704 338 1778 422
person 0.98 1775 206 1904 547
backpack 0.78 1843 259 1915 376
