person 0.97 1 150 75 290
person 0.99 69 149 168 298
backpack 0.9 182 233 248 296
person 0.99 213 180 329 519
person 0.97 306 190 465 524
backpack 0.76 350 234 439 352
handbag 0.27 376 241 445 350
person 0.96 431 98 496 331
person 1.0 493 127 560 350
person 0.99 637 62 706 241
person 0.96 705 58 764 246
person 0.8 747 83 814 272
person 0.97 793 211 896 516
person 0.69 804 86 870 237
backpack 0.43 804 251 891 356
person 0.34 847 81 880 133
person 0.96 866 75 927 249
person 0.36 904 72 962 245
person 0.99 931 119 1005 369
person 0.4 947 76 1009 239
backpack 0.35 974 166 1015 239
person 0.9 999 80 1086 353
person 0.99 1093 78 1165 247
handbag 0.29 1123 117 1159 174
person 1.0 1143 210 1324 616
handbag 0.26 1209 159 1255 227
person 0.58 1220 88 1284 231
person 0.59 1300 80 1364 238
person 0.99 1321 181 1416 528
person 1.0 1431 215 1542 540
person 0.26 1515 207 1568 444
handbag 0.27 1531 350 1571 408
person 0.99 1535 209 1659 542
handbag 0.78 1578 415 1682 514
person 0.99 1639 184 1765 569
person 0.26 1713 184 1778 304
person 0.99 1758 207 1900 560
person 0.96 1778 119 1851 233
backpack 0.71 1853 275 1916 370
person 0.28 1881 80 1921 285
