person 0.97 -1 151 73 290
person 0.99 65 151 166 295
backpack 0.61 187 230 242 299
person 0.88 195 100 280 317
person 0.99 264 104 361 369
person 0.75 357 200 488 451
handbag 0.34 364 281 408 360
person 0.68 374 57 449 211
person 1.0 601 47 673 251
person 0.48 762 87 821 219
person 0.97 784 190 905 535
backpack 0.47 855 223 923 376
person 0.63 870 78 936 234
person 0.98 936 112 1013 382
backpack 0.25 942 136 1006 283
person 0.3 943 78 1013 180
backpack 0.61 949 169 1008 240
person 0.74 1003 106 1059 361
person 0.79 1053 87 1110 242
person 1.0 1130 193 1279 633
person 0.97 1148 64 1217 255
person 0.94 1221 87 1289 232
handbag 0.56 1300 337 1363 414
person 0.99 1324 178 1424 521
person 0.99 1409 186 1508 525
person 0.99 1492 208 1620 541
person 0.83 1608 207 1670 448
person 0.95 1637 184 1773 572
handbag 0.41 1653 392 1751 500
backpack 0.42 1748 253 1823 350
person 0.94 1757 209 1851 513
person 0.9 1794 211 1881 506
person 0.96 1842 212 1918 502
