person 0.95 4 168 155 601
person 0.99 72 148 170 291
backpack 0.58 182 229 247 300
person 0.98 366 192 480 446
person 0.49 369 76 430 226
person 1.0 439 56 515 266
person 0.98 586 61 655 260
person 0.98 648 62 731 256
person 0.91 742 65 815 256
handbag 0.25 743 103 795 163
person 0.95 788 191 894 522
backpack 0.46 802 252 889 349
person 0.7 802 73 866 247
person 0.89 865 74 918 247
person 0.72 906 69 963 249
person 0.99 925 121 1019 360
backpack 0.62 953 167 1010 239
person 0.94 1000 96 1090 345
person 0.96 1074 72 1143 245
person 0.98 1155 56 1215 246
person 0.98 1169 169 1276 547
person 0.81 1211 68 1275 236
person 0.77 1255 219 1330 426
backpack 0.36 1259 90 1292 153
person 0.68 1315 86 1373 232
person 0.26 1362 201 1438 399
handbag 0.33 1363 329 1396 392
handbag 0.43 1370 249 1416 304
person 1.0 1377 169 1504 558
person 0.26 1446 155 1516 263
person 0.77 1449 100 1512 210
person 0.93 1527 178 1629 544
handbag 0.58 1555 412 1624 529
person 0.98 1563 183 1729 581
person 0.35 1581 82 1644 183
person 0.41 1643 143 1722 235
person 0.72 1645 77 1715 185
person 0.96 1689 204 1821 554
backpack 0.67 1765 272 1839 365
person 0.95 1848 208 1917 429
