person 0.98 1 148 76 293
person 0.99 69 149 169 297
person 0.99 181 105 295 369
person 0.78 288 206 395 464
backpack 0.35 289 243 352 354
person 0.34 318 147 408 287
handbag 0.25 373 235 411 297
person 0.98 551 61 621 252
person 0.94 635 61 704 270
person 0.78 756 73 825 238
person 0.56 778 155 857 327
person 0.88 795 182 906 536
person 0.56 801 66 861 187
handbag 0.34 838 237 915 370
backpack 0.26 838 237 915 370
person 0.95 859 72 933 249
person 0.99 928 123 1017 369
person 0.54 934 78 1008 242
backpack 0.42 940 124 1013 256
backpack 0.65 969 170 1018 240
person 0.68 1000 112 1060 355
person 0.45 1075 103 1126 258
person 0.94 1095 90 1155 297
person 1.0 1149 211 1322 615
person 0.89 1226 87 1287 203
person 0.99 1319 178 1422 533
person 0.47 1377 102 1433 219
person 0.36 1395 112 1451 246
person 0.99 1405 184 1511 538
handbag 0.39 1409 510 1529 575
person 0.99 1501 193 1619 534
person 0.99 1648 177 1759 581
handbag 0.51 1698 417 1773 517
handbag 0.27 1709 293 1781 430
person 0.89 1733 209 1841 512
backpack 0.83 1810 281 1862 368
