person 1.0 -3 43 253 1054
person 0.45 91 154 146 228
person 0.32 145 174 218 301
person 0.42 147 176 196 261
person 0.46 183 164 243 317
person 1.0 224 170 345 478
person 0.93 360 148 437 347
person 0.59 363 68 433 188
handbag 0.34 384 207 444 258
backpack 0.26 384 207 444 258
person 0.99 435 158 505 365
person 0.99 471 181 704 812
handbag 0.34 476 431 541 492
person 0.97 528 45 596 247
person 0.51 621 70 678 250
person 0.98 647 66 709 257
handbag 0.5 743 102 795 170
person 0.98 745 61 808 259
person 0.99 806 72 878 298
person 0.66 894 94 951 261
person 0.99 933 112 1027 336
person 0.94 1029 100 1125 341
person 0.36 1043 62 1113 248
person 0.68 1111 89 1172 286
person 0.75 1157 68 1218 192
handbag 0.47 1179 161 1211 227
person 0.98 1220 74 1288 244
person 0.98 1279 72 1336 253
person 1.0 1438 65 1501 260
person 0.37 1872 49 1922 268
