person 0.97 2 151 76 292
person 0.97 71 155 167 289
person 0.95 165 142 263 359
handbag 0.78 213 197 261 247
person 0.95 313 118 407 379
person 0.3 361 103 421 264
person 0.85 382 62 445 261
backpack 0.26 406 106 439 157
person 0.99 443 153 535 409
person 0.99 563 77 625 276
person 0.98 704 53 768 247
person 0.81 754 70 818 252
person 0.98 800 73 874 305
person 0.57 863 68 920 255
person 0.64 899 89 961 260
person 0.99 951 96 1040 346
backpack 0.39 953 136 1024 224
person 0.98 1038 97 1131 345
person 0.39 1038 65 1110 151
person 0.82 1115 73 1171 289
person 0.9 1153 73 1212 249
person 0.98 1206 61 1278 247
person 0.89 1280 98 1333 253
person 0.99 1421 208 1538 462
handbag 0.27 1421 374 1480 444
person 0.98 1493 78 1560 240
backpack 0.57 1495 98 1548 166
person 0.98 1538 204 1653 408
backpack 0.25 1574 249 1602 305
