person 0.9 1 178 93 462
person 0.99 73 147 168 296
backpack 0.92 179 231 248 300
person 0.99 284 101 366 329
person 0.69 360 58 431 205
person 0.99 374 170 454 478
person 1.0 511 199 617 462
person 0.96 546 83 644 346
person 0.92 665 42 720 248
person 0.96 701 40 761 254
handbag 0.67 750 109 803 160
person 0.98 760 60 829 255
person 0.49 801 69 852 238
person 0.85 816 180 962 532
person 0.84 828 70 930 303
person 0.35 844 88 916 229
backpack 0.28 844 88 916 229
backpack 0.32 856 125 900 201
backpack 0.66 872 248 958 358
person 0.81 904 75 971 241
person 0.92 965 71 1048 351
person 0.97 1046 77 1133 341
person 0.93 1124 62 1183 301
person 0.57 1163 62 1215 262
person 0.94 1204 78 1272 280
person 0.87 1261 75 1313 249
person 0.93 1778 91 1846 239
person 0.91 1813 86 1880 240
person 0.6 1872 88 1921 268
