person 0.98 0 149 74 294
person 0.98 68 149 167 297
person 0.77 173 46 256 207
handbag 0.55 186 234 232 294
person 0.98 186 147 296 381
handbag 0.32 187 183 271 305
backpack 0.44 214 88 261 150
person 0.99 286 43 365 257
backpack 0.42 288 74 333 145
person 0.7 428 148 532 384
person 0.71 432 43 494 267
handbag 0.53 494 276 533 333
person 1.0 530 31 594 263
person 0.5 754 76 814 247
handbag 0.56 759 179 797 236
person 0.88 770 92 863 339
person 0.25 805 68 864 188
person 0.97 813 192 959 531
backpack 0.61 853 246 945 363
person 0.85 866 77 929 226
person 0.6 902 78 957 232
person 0.94 927 112 1002 360
person 0.38 942 81 1009 237
person 0.82 993 106 1059 332
person 0.93 1058 84 1126 267
person 0.97 1114 79 1171 267
person 0.99 1149 207 1334 613
person 0.98 1214 72 1284 241
person 1.0 1321 171 1421 530
person 0.99 1419 189 1547 534
person 0.6 1438 143 1517 246
person 1.0 1526 192 1621 525
person 0.99 1648 167 1758 560
handbag 0.89 1697 396 1800 501
person 0.99 1760 206 1892 548
person 0.75 1861 215 1912 444
