person 0.98 0 148 76 291
person 0.99 68 148 169 297
backpack 0.87 182 230 250 300
person 0.99 353 68 421 311
person 0.99 463 54 536 254
person 0.9 540 99 605 274
person 0.38 562 40 629 152
person 0.95 601 72 694 342
handbag 0.29 645 179 687 230
person 1.0 694 151 787 561
backpack 0.71 818 116 866 187
person 0.96 825 88 884 282
person 0.98 874 178 976 523
person 0.27 890 74 951 185
person 0.39 943 81 1044 344
person 0.45 943 82 1012 238
person 0.81 994 102 1057 338
person 0.95 1114 79 1159 253
person 0.95 1161 91 1214 256
person 1.0 1192 221 1362 595
person 0.93 1225 87 1285 239
person 0.99 1337 190 1426 529
person 0.98 1404 198 1514 524
handbag 0.32 1409 511 1530 575
person 1.0 1498 203 1615 520
person 0.95 1508 72 1574 230
handbag 0.81 1610 420 1697 517
person 0.99 1620 190 1755 586
handbag 0.46 1688 332 1768 437
person 0.98 1813 207 1916 546
