person 0.38 1 152 39 502
person 0.86 4 154 71 288
person 0.45 72 145 180 400
person 0.48 78 120 176 248
person 0.6 113 159 222 491
person 0.97 149 71 426 876
handbag 0.5 225 274 435 609
person 0.96 374 58 476 369
person 0.39 432 140 492 352
person 1.0 484 211 674 786
handbag 0.95 610 317 695 503
person 0.74 711 56 781 250
handbag 0.3 720 101 779 163
person 0.88 744 62 812 256
person 0.98 802 74 878 298
backpack 0.3 829 128 874 197
person 0.4 868 66 918 255
person 0.49 893 105 952 253
person 0.96 941 116 1018 329
backpack 0.61 941 154 997 224
person 0.35 960 73 1030 182
person 0.39 975 73 1020 142
person 0.99 1006 96 1089 332
person 0.42 1066 75 1116 241
person 0.97 1106 71 1177 304
person 0.99 1196 78 1264 247
handbag 0.33 1228 252 1270 301
person 0.88 1250 143 1322 321
person 0.78 1273 66 1340 246
person 0.99 1703 122 1786 325
person 0.97 1779 108 1871 298
backpack 0.63 1779 146 1836 203
person 0.41 1879 87 1923 282
