person 0.51 -1 175 68 591
person 0.91 1 150 75 292
handbag 0.45 3 303 36 364
person 0.96 72 150 169 294
person 0.97 151 149 572 802
backpack 0.76 182 232 249 301
handbag 0.78 218 291 443 585
handbag 0.25 244 144 287 212
person 0.98 247 93 329 322
person 0.93 339 108 415 222
person 0.86 439 29 514 155
person 0.98 494 72 581 246
person 0.47 552 70 606 237
person 0.81 616 67 673 251
person 0.99 652 45 728 264
person 0.93 758 74 829 247
handbag 0.45 760 105 816 171
person 0.48 781 69 895 300
person 0.98 845 216 1113 609
person 0.51 856 81 919 241
handbag 0.31 876 323 983 428
backpack 0.5 878 298 985 426
person 0.64 905 119 989 246
backpack 0.28 928 148 976 205
person 0.88 999 94 1076 319
person 0.42 1057 75 1106 245
person 0.95 1098 76 1172 296
person 0.96 1159 81 1224 248
person 0.99 1280 68 1338 250
person 0.96 1435 128 1509 370
person 0.86 1488 84 1561 246
person 0.99 1606 90 1681 255
person 0.98 1743 122 1816 343
person 0.96 1774 208 1920 450
