person 0.95 2 152 73 286
person 0.99 70 148 166 300
backpack 0.62 175 224 262 309
person 0.99 210 120 444 820
person 0.26 345 83 409 234
person 0.98 389 94 486 377
person 0.89 456 79 520 239
person 1.0 483 176 675 820
person 0.84 524 79 578 243
person 0.95 577 90 648 296
handbag 0.96 616 311 706 507
person 0.98 704 62 761 246
person 0.95 743 68 807 257
person 0.99 789 68 881 309
person 0.88 890 93 959 260
person 0.99 933 111 1028 334
person 0.57 978 68 1024 145
person 0.97 1034 99 1130 337
person 0.31 1043 59 1110 152
backpack 0.58 1069 143 1116 214
person 0.72 1116 91 1175 282
person 0.33 1162 84 1193 160
person 0.45 1167 81 1214 236
person 0.99 1232 74 1300 255
person 1.0 1294 71 1368 261
person 1.0 1438 64 1502 259
person 0.45 1873 50 1922 268
