person 0.99 1 147 80 295
person 0.28 77 155 154 281
person 0.9 90 167 189 470
person 0.55 145 122 227 238
person 0.99 161 178 299 517
person 0.3 213 191 338 502
person 0.99 272 175 366 488
person 0.99 345 94 444 350
person 0.36 359 55 436 154
person 0.99 498 49 565 249
person 0.99 521 172 637 471
handbag 0.47 552 226 638 377
person 0.99 605 42 663 262
handbag 0.31 745 107 795 163
person 0.95 746 69 812 254
person 0.95 781 209 890 518
person 0.74 797 86 868 240
person 0.48 866 79 917 233
person 0.76 871 175 974 435
person 0.63 913 79 976 238
person 0.68 950 75 1000 249
person 0.94 992 128 1064 371
person 0.82 1051 113 1116 354
person 0.67 1110 106 1167 304
person 0.66 1153 82 1210 293
person 0.99 1171 202 1309 611
handbag 0.79 1207 438 1303 563
person 0.49 1212 85 1277 222
person 0.86 1266 143 1346 342
person 1.0 1334 186 1480 515
person 0.78 1341 141 1403 274
person 0.53 1461 139 1521 295
person 1.0 1473 193 1596 564
person 0.93 1515 79 1595 238
handbag 0.85 1526 417 1627 525
person 0.99 1562 178 1687 589
person 0.99 1674 203 1792 548
person 0.94 1772 82 1844 248
backpack 0.29 1815 93 1850 151
person 0.59 1882 78 1925 284
