person 0.98 -2 149 78 292
person 0.99 68 147 167 300
person 0.69 146 172 243 434
handbag 0.33 199 412 347 596
person 0.98 214 97 438 829
person 0.93 366 60 435 260
person 0.99 481 210 664 792
person 0.95 481 50 549 245
person 0.95 548 59 612 238
person 0.92 610 77 674 237
handbag 0.95 619 311 710 502
person 0.96 661 61 737 246
handbag 0.39 742 105 796 168
person 0.94 751 70 816 258
person 0.98 802 74 880 297
person 0.89 895 96 957 258
person 0.99 935 103 1033 331
backpack 0.28 950 133 1020 229
person 0.98 1029 92 1120 338
backpack 0.29 1055 117 1121 256
backpack 0.33 1071 149 1119 209
person 0.92 1115 76 1185 284
handbag 0.41 1151 168 1195 246
person 0.99 1210 75 1278 250
person 0.92 1366 74 1424 244
person 0.99 1412 70 1472 247
person 0.35 1873 50 1922 268
