person 0.83 2 148 78 276
person 0.98 3 206 82 507
person 0.87 78 195 196 513
person 0.78 81 149 159 269
backpack 0.57 83 243 160 362
person 1.0 185 173 282 473
person 0.89 242 113 347 375
person 0.3 287 157 355 369
person 1.0 394 161 527 590
person 0.97 492 66 552 243
person 0.81 533 65 604 237
person 0.99 551 159 703 593
person 0.75 551 127 637 254
person 0.94 644 70 731 249
person 0.97 741 64 806 237
person 0.97 816 85 880 274
backpack 0.67 819 115 861 190
person 0.27 847 85 909 277
backpack 0.25 873 240 924 370
person 1.0 874 147 1023 579
person 0.7 895 72 956 230
person 0.89 943 81 1012 228
backpack 0.34 973 118 1007 180
person 0.82 1055 99 1135 253
backpack 0.56 1067 120 1118 172
person 0.92 1115 70 1181 257
person 0.91 1141 72 1204 248
person 1.0 1193 208 1347 607
person 0.96 1208 73 1282 246
person 0.56 1248 84 1314 239
handbag 0.57 1279 136 1319 190
person 0.98 1330 183 1418 535
person 0.26 1366 91 1416 229
person 0.98 1401 195 1496 522
person 0.25 1453 217 1545 497
person 0.98 1489 243 1551 458
person 0.89 1500 71 1560 235
person 0.99 1535 198 1638 523
handbag 0.78 1573 402 1673 528
suitcase 0.44 1573 402 1673 528
person 0.57 1607 192 1666 303
person 1.0 1633 179 1759 584
handbag 0.52 1720 288 1798 428
person 0.99 1737 198 1885 564
car 0.35 1859 235 1914 368
