person 0.98 2 204 84 510
person 0.76 3 146 76 236
person 0.94 77 149 162 287
person 0.91 110 203 229 497
backpack 0.45 125 248 211 353
person 0.73 185 187 280 468
person 0.83 192 124 268 237
person 0.97 263 142 359 382
person 1.0 356 97 430 325
handbag 0.37 508 291 560 350
person 0.95 517 42 600 227
person 1.0 519 189 623 482
cell phone 0.5 565 232 575 242
person 0.98 598 33 665 227
person 0.98 623 172 709 465
backpack 0.92 819 114 864 187
person 0.98 823 91 884 272
person 1.0 879 186 1015 563
person 0.85 899 79 953 226
person 0.89 948 82 1009 227
backpack 0.26 972 122 1008 181
person 1.0 1039 36 1106 260
person 1.0 1174 188 1332 632
person 0.97 1201 75 1276 249
person 0.94 1271 74 1333 231
person 0.86 1324 202 1425 457
person 0.99 1384 90 1787 1085
person 0.88 1399 78 1456 227
person 0.91 1403 200 1494 390
backpack 0.28 1403 200 1494 390
backpack 0.35 1408 249 1571 634
person 0.84 1686 150 1820 727
person 0.56 1852 226 1918 437
