person 0.48 1 196 51 453
person 0.91 3 150 74 292
person 1.0 69 146 167 299
person 0.99 182 151 296 450
handbag 0.56 245 328 297 391
person 0.99 288 94 370 328
person 0.99 391 40 472 254
person 0.99 478 38 546 267
person 0.99 557 37 629 253
person 0.26 624 53 670 243
person 0.99 645 63 716 255
handbag 0.47 756 174 817 243
person 0.33 761 77 831 235
person 0.98 779 121 847 354
person 0.35 783 69 854 191
person 0.96 813 194 950 525
backpack 0.64 853 252 941 355
person 0.65 870 75 937 249
person 0.99 930 109 1002 370
person 0.51 946 83 1008 234
person 0.96 1000 98 1056 364
person 0.99 1149 214 1332 612
person 0.94 1203 75 1280 246
person 0.7 1256 79 1310 222
person 1.0 1324 185 1414 520
person 0.26 1385 94 1425 199
person 1.0 1400 191 1509 530
person 1.0 1513 208 1644 550
handbag 0.93 1573 395 1670 490
person 1.0 1631 207 1766 554
handbag 0.29 1723 296 1797 426
person 0.99 1768 200 1901 552
backpack 0.32 1856 262 1912 384
