person 0.96 2 148 69 295
bench 0.27 4 285 79 428
handbag 0.3 22 306 328 1013
person 0.99 32 252 450 1069
person 0.85 79 145 164 345
person 0.99 277 74 359 246
person 0.67 277 275 564 1024
person 0.59 284 163 463 556
person 0.99 378 91 480 331
cell phone 0.77 398 555 452 580
person 0.99 543 192 678 464
handbag 0.37 625 313 666 374
person 0.26 735 87 798 281
person 0.87 744 138 843 392
person 0.6 798 69 854 192
person 0.97 815 190 932 526
backpack 0.68 834 251 916 359
person 0.97 858 70 929 235
person 0.95 927 115 1002 369
backpack 0.77 934 135 1005 249
person 0.86 1003 101 1061 360
backpack 0.39 1029 148 1066 212
person 0.99 1150 213 1330 611
person 0.88 1226 86 1288 220
person 1.0 1322 181 1419 521
handbag 0.26 1410 510 1529 575
person 1.0 1420 210 1547 546
person 0.99 1530 195 1638 532
person 0.32 1557 186 1628 300
handbag 0.89 1565 389 1659 507
person 1.0 1624 193 1759 569
person 1.0 1767 200 1902 559
backpack 0.44 1851 271 1913 372
car 0.28 1853 243 1914 364
