person 0.98 0 147 76 294
person 0.97 66 148 160 300
person 0.97 126 190 253 481
person 0.99 740 81 811 278
person 0.97 790 209 896 517
person 0.34 797 68 829 120
backpack 0.47 804 253 892 355
person 0.96 812 81 878 244
person 0.83 870 79 931 243
person 0.97 909 116 999 374
person 0.3 942 75 1006 180
person 0.96 991 82 1080 350
person 1.0 1142 198 1323 628
person 0.92 1146 170 1224 326
person 0.63 1227 89 1285 216
person 0.39 1260 93 1316 219
person 0.74 1315 70 1367 232
person 1.0 1319 179 1422 528
person 0.57 1369 85 1430 225
person 0.86 1391 74 1455 233
person 1.0 1422 210 1543 547
person 0.88 1524 208 1643 504
handbag 0.55 1565 336 1655 426
person 0.99 1621 168 1758 587
person 0.99 1759 197 1898 561
backpack 0.8 1848 272 1917 372
