person 0.9 -1 199 63 449
person 0.69 1 154 74 284
person 0.98 72 149 166 294
person 0.55 162 198 229 445
person 0.86 212 202 308 458
backpack 0.38 277 262 314 329
person 1.0 399 72 485 307
person 0.98 500 74 571 337
person 0.98 666 73 732 240
person 0.98 756 78 821 274
person 0.96 792 207 897 518
backpack 0.58 804 253 890 356
person 0.72 807 102 876 261
person 0.95 867 76 929 248
person 0.29 906 76 970 246
backpack 0.31 920 168 980 238
person 0.98 924 113 1004 379
backpack 0.32 937 136 1005 245
person 0.29 941 75 1003 179
person 0.27 985 60 1027 126
person 0.91 996 92 1084 351
person 0.99 1098 65 1159 262
person 1.0 1145 213 1330 614
person 0.91 1229 83 1281 228
person 0.78 1272 92 1333 223
person 1.0 1309 186 1410 519
person 0.9 1355 103 1416 221
person 0.99 1392 188 1505 533
car 0.46 1495 208 1574 394
person 0.99 1526 178 1656 550
handbag 0.88 1553 413 1669 511
person 0.33 1604 166 1670 269
person 0.99 1634 188 1765 566
handbag 0.41 1725 298 1798 420
person 0.98 1760 210 1893 506
backpack 0.28 1855 261 1917 386
handbag 0.28 1860 277 1915 368
