person 0.94 2 148 73 290
person 0.31 2 202 34 454
person 0.99 66 149 167 295
backpack 0.84 184 232 244 300
person 0.99 232 140 307 357
person 0.71 235 43 308 202
handbag 0.28 268 75 313 140
backpack 0.27 268 75 313 140
backpack 0.26 291 190 324 249
person 0.97 342 49 408 241
person 0.92 379 157 482 402
backpack 0.25 391 211 436 281
handbag 0.61 446 299 486 370
person 0.99 468 35 530 254
person 1.0 556 32 628 266
handbag 0.39 763 177 811 242
person 0.93 768 78 863 350
person 0.98 817 188 952 528
backpack 0.6 856 246 942 359
person 0.95 862 75 942 238
person 0.83 934 77 1017 354
person 0.81 992 84 1081 345
person 0.74 1046 80 1103 245
person 0.99 1092 75 1155 254
person 1.0 1150 206 1331 614
person 0.98 1214 73 1282 239
person 0.99 1316 163 1427 534
person 0.71 1365 110 1439 213
person 1.0 1420 218 1538 539
person 0.97 1527 194 1615 527
handbag 0.78 1612 394 1716 501
person 0.96 1621 186 1770 571
handbag 0.49 1717 339 1789 428
person 0.99 1764 213 1920 540
person 0.77 1775 211 1847 433
