person 0.95 3 150 73 293
person 0.98 76 197 201 453
person 0.77 77 152 162 287
backpack 0.57 185 222 273 317
person 1.0 203 121 442 823
person 0.3 364 79 427 276
person 0.8 405 54 466 275
person 0.61 443 72 505 278
person 0.99 485 213 668 787
person 0.94 489 79 555 272
person 0.89 551 82 614 232
handbag 0.98 619 319 712 503
person 0.94 630 64 704 252
person 0.96 751 68 814 260
person 0.96 798 67 885 313
person 0.46 854 74 902 252
person 0.95 896 87 955 264
person 1.0 933 107 1027 339
person 0.29 939 76 969 136
person 0.96 1034 85 1128 344
person 0.27 1045 77 1110 241
person 0.75 1113 93 1174 283
backpack 0.36 1152 167 1195 247
person 0.5 1158 80 1191 163
person 0.99 1215 72 1289 255
person 0.99 1313 73 1377 249
person 1.0 1428 69 1495 250
person 0.28 1874 44 1922 272
