person 0.9 -2 163 123 605
person 0.39 3 155 72 272
person 1.0 76 135 214 405
handbag 0.38 138 194 212 288
handbag 0.26 173 226 224 301
person 0.99 197 159 327 437
handbag 0.66 238 220 316 324
backpack 0.71 461 247 517 337
person 0.73 467 201 567 448
person 0.92 527 57 590 272
person 0.99 663 52 736 254
person 0.88 760 62 822 251
person 0.97 782 180 914 536
person 0.31 797 65 864 243
backpack 0.5 845 262 920 378
person 0.89 865 78 928 247
person 0.4 891 80 953 243
person 0.98 933 122 1010 376
person 0.65 936 79 1007 237
backpack 0.32 943 126 1009 253
backpack 0.55 974 168 1014 245
person 0.84 1004 103 1062 365
backpack 0.33 1026 145 1068 211
person 0.98 1111 100 1164 328
person 1.0 1150 216 1322 616
person 0.78 1228 85 1288 220
person 0.99 1312 185 1408 518
person 0.99 1406 172 1508 552
handbag 0.39 1409 496 1534 575
person 0.27 1478 142 1525 209
person 0.98 1495 190 1620 532
handbag 0.81 1566 389 1658 503
suitcase 0.35 1566 389 1658 503
person 0.99 1635 203 1759 552
person 0.95 1731 201 1833 519
backpack 0.82 1809 278 1859 370
