person 0.96 2 150 76 290
person 0.97 64 150 167 297
backpack 0.84 180 231 249 299
person 1.0 331 37 401 260
person 1.0 442 56 517 261
handbag 0.31 467 83 511 164
person 1.0 536 33 600 263
person 0.98 749 128 814 361
person 0.97 779 191 891 517
backpack 0.84 806 249 887 362
person 0.64 818 83 870 238
backpack 0.45 841 237 909 365
person 0.57 856 81 913 234
person 0.86 879 167 966 476
person 0.88 899 108 993 387
backpack 0.57 927 170 981 240
person 0.6 939 74 997 183
person 0.97 992 103 1061 344
person 1.0 1147 211 1327 614
person 0.96 1224 84 1290 217
person 0.72 1299 127 1373 256
person 1.0 1322 169 1420 527
person 0.84 1369 89 1426 229
person 1.0 1424 207 1543 543
person 1.0 1531 181 1642 566
handbag 0.53 1631 418 1729 505
person 0.99 1637 177 1773 587
handbag 0.49 1716 291 1799 429
person 0.98 1765 208 1900 549
backpack 0.56 1848 274 1912 372
