person 0.95 3 152 73 290
person 0.54 53 150 120 294
person 1.0 65 195 262 509
person 0.58 80 152 150 277
backpack 0.27 183 241 254 363
person 0.98 325 198 435 472
person 0.89 336 89 416 223
person 0.77 415 123 507 374
person 0.57 450 28 512 170
person 0.94 505 120 590 356
person 0.33 512 47 573 160
person 0.56 555 72 629 183
person 0.85 576 141 668 398
person 0.95 644 188 738 460
person 0.92 687 64 758 240
handbag 0.61 700 329 738 401
person 0.88 751 69 825 252
person 0.89 804 175 886 463
person 0.56 809 79 884 240
person 0.95 890 75 965 248
person 0.94 960 103 1037 339
person 0.46 962 64 1039 150
person 0.55 1036 65 1107 152
person 0.99 1040 113 1133 368
person 0.63 1109 79 1166 244
person 0.98 1163 69 1227 248
person 0.97 1216 59 1291 249
person 0.83 1276 71 1337 251
person 0.98 1781 87 1853 235
person 0.98 1841 142 1916 330
handbag 0.31 1842 235 1906 283
