person 0.98 1 150 76 291
person 1.0 72 146 166 300
backpack 0.88 179 231 248 300
person 0.96 295 144 399 410
person 0.96 362 63 431 256
handbag 0.82 372 301 421 366
person 1.0 471 169 555 437
person 0.92 538 56 595 250
person 0.97 599 55 661 302
person 1.0 657 123 740 368
handbag 0.28 699 177 744 234
handbag 0.48 750 106 802 166
person 0.94 756 71 824 248
person 0.34 799 74 851 242
person 0.95 814 196 960 523
person 0.78 837 89 914 280
backpack 0.59 881 246 958 363
person 0.84 900 70 971 239
person 0.89 968 116 1048 345
backpack 0.38 975 154 1033 225
backpack 0.38 987 138 1059 240
person 0.31 1028 77 1072 163
person 0.97 1040 92 1133 346
person 0.79 1112 64 1172 299
person 0.8 1158 61 1215 254
person 0.96 1205 56 1279 255
person 0.26 1246 75 1297 236
person 1.0 1520 186 1624 408
handbag 0.44 1573 268 1616 309
person 1.0 1623 212 1744 437
person 0.96 1782 88 1842 242
person 0.88 1822 86 1875 243
person 0.56 1870 77 1916 249
