person 0.98 -1 150 79 296
person 0.96 63 151 159 311
person 0.89 126 176 255 455
person 0.96 233 179 356 456
person 0.97 363 71 432 251
handbag 0.39 404 107 439 158
backpack 0.25 404 107 439 158
person 0.99 541 111 607 334
person 0.99 633 40 734 264
backpack 0.26 650 70 725 184
person 0.93 745 69 811 253
person 0.97 804 74 875 303
person 0.46 858 72 915 249
person 0.86 891 76 966 258
person 0.94 956 100 1050 341
person 0.25 963 69 1035 181
backpack 0.27 978 151 1028 225
person 0.97 1036 103 1135 342
person 0.36 1039 64 1111 149
backpack 0.58 1055 152 1109 225
person 0.69 1115 85 1172 280
person 0.92 1154 72 1214 246
person 0.97 1213 67 1291 249
person 0.8 1289 74 1350 253
person 0.99 1525 79 1602 248
handbag 0.49 1560 401 1651 486
suitcase 0.28 1577 393 1671 491
cell phone 0.27 1593 88 1600 97
person 1.0 1604 203 1746 515
person 0.98 1835 228 1917 422
