person 0.87 1 176 90 467
person 0.94 78 149 161 287
person 0.43 126 187 225 468
person 0.32 131 175 202 295
person 0.73 167 57 250 238
person 0.97 183 210 346 543
person 0.64 256 176 336 299
person 0.26 287 178 364 295
person 0.98 303 189 480 706
person 0.62 367 55 426 201
handbag 0.78 428 324 524 491
person 1.0 505 28 582 266
handbag 0.36 546 78 585 139
person 1.0 601 29 673 274
person 0.98 703 59 755 242
person 0.49 749 61 786 123
handbag 0.45 750 108 805 166
person 0.96 757 61 825 257
person 0.91 790 67 851 241
person 0.98 817 193 961 528
person 0.76 850 92 916 263
backpack 0.47 878 248 959 365
person 0.84 906 77 967 240
backpack 0.73 963 145 1024 217
person 0.94 966 110 1045 320
person 0.93 1036 89 1134 345
person 0.3 1083 76 1118 139
person 0.95 1117 76 1180 299
person 0.31 1163 81 1215 277
person 0.96 1198 74 1263 288
person 0.65 1254 73 1309 244
person 0.99 1275 105 1377 323
backpack 0.27 1337 143 1384 209
person 0.97 1780 87 1844 240
person 0.84 1825 85 1883 243
person 0.64 1871 90 1918 263
