person 0.96 3 150 73 292
person 0.98 65 149 162 298
person 0.95 132 127 260 510
person 0.39 358 74 408 243
person 0.92 389 94 458 326
person 0.97 469 110 567 333
person 0.33 500 61 575 203
person 0.75 537 68 596 243
person 0.34 588 62 650 192
person 0.95 630 107 697 331
person 0.34 652 65 693 145
person 0.86 714 55 779 249
person 0.77 742 66 806 254
handbag 0.53 751 105 805 166
person 0.98 797 81 872 289
person 0.74 867 77 935 249
person 0.73 918 69 973 247
person 0.29 949 75 1016 239
person 0.95 957 88 1052 347
backpack 0.39 997 157 1050 222
person 0.34 1037 67 1110 185
person 0.97 1058 117 1135 358
person 0.45 1117 99 1171 270
person 0.76 1162 74 1212 240
person 0.97 1180 190 1272 425
handbag 0.37 1201 238 1251 319
person 0.73 1203 83 1269 241
person 0.96 1260 85 1327 302
person 1.0 1572 172 1678 380
handbag 0.58 1589 215 1626 275
person 0.95 1679 88 1735 241
person 0.98 1779 85 1854 241
person 0.59 1878 79 1923 279
