person 0.98 -1 150 76 292
person 0.95 67 161 155 301
person 0.96 119 102 226 339
handbag 0.48 199 223 244 278
person 0.98 207 142 308 392
person 0.99 350 65 418 317
person 0.98 439 209 548 456
handbag 0.62 439 248 512 356
handbag 0.37 494 345 543 410
person 0.96 559 70 615 243
person 0.98 601 53 672 250
person 0.25 748 83 809 226
backpack 0.31 774 132 817 194
person 0.97 787 193 906 532
person 0.44 791 67 848 192
backpack 0.5 848 229 921 373
person 0.33 858 171 936 315
person 0.66 871 82 933 228
person 0.99 931 114 1014 377
backpack 0.67 941 132 1011 252
person 0.89 1002 108 1062 362
person 0.99 1066 95 1149 258
person 1.0 1128 193 1280 629
person 0.96 1162 66 1228 247
person 0.88 1227 87 1289 232
handbag 0.69 1299 337 1359 417
person 1.0 1324 185 1422 519
person 0.99 1409 187 1507 527
person 0.99 1511 207 1642 546
handbag 0.72 1564 385 1655 511
suitcase 0.41 1564 385 1655 511
person 0.99 1636 187 1778 561
backpack 0.35 1751 252 1835 354
person 0.99 1796 227 1917 522
