person 0.98 1 149 76 293
person 0.99 68 147 167 299
handbag 0.92 168 431 250 551
person 0.85 170 174 268 305
person 0.99 187 191 348 627
person 0.99 366 55 435 255
person 0.98 462 43 530 280
backpack 0.78 508 229 778 606
person 0.93 513 41 578 271
person 0.81 562 104 637 265
person 0.99 592 61 905 1102
person 0.42 597 54 654 207
person 0.89 639 53 706 214
person 0.72 705 53 767 162
backpack 0.56 852 241 925 363
suitcase 0.5 881 425 1023 680
suitcase 0.33 887 543 1013 662
person 0.36 912 80 967 238
person 0.92 935 128 1045 530
person 0.26 954 86 1018 228
person 0.28 972 85 1019 153
person 0.99 1005 183 1187 686
person 0.46 1043 73 1109 240
person 0.38 1109 80 1180 233
person 0.65 1156 69 1217 236
person 0.99 1183 180 1283 528
person 0.91 1209 73 1276 236
handbag 0.61 1258 298 1292 372
person 0.94 1272 99 1343 284
handbag 0.53 1314 329 1358 394
person 0.99 1318 190 1447 513
person 0.77 1346 112 1411 244
handbag 0.36 1405 261 1451 349
person 1.0 1468 187 1573 536
person 1.0 1603 208 1709 541
backpack 0.86 1683 275 1742 362
person 0.95 1779 84 1845 240
person 0.86 1818 83 1883 242
person 0.65 1873 92 1918 265
