person 0.96 3 178 84 469
person 0.81 86 153 163 274
person 1.0 122 208 302 715
person 0.28 197 186 283 352
handbag 0.36 215 275 327 495
person 0.65 277 52 353 250
person 1.0 287 207 433 507
person 0.77 362 56 430 203
person 0.66 378 215 447 436
person 0.99 420 191 540 467
person 0.99 544 40 612 253
person 0.98 608 40 690 262
person 0.63 662 47 718 256
person 0.76 715 52 773 254
handbag 0.67 747 104 803 163
person 0.82 748 68 817 255
person 0.93 790 68 852 246
person 0.95 815 188 963 528
person 0.88 842 88 919 276
backpack 0.78 879 248 961 365
person 0.73 907 79 971 239
person 0.98 963 117 1044 316
backpack 0.49 966 156 1025 219
person 0.97 1041 82 1134 352
person 0.89 1123 70 1182 303
person 0.47 1152 71 1202 292
person 0.8 1204 79 1259 246
person 0.99 1270 98 1345 314
person 0.97 1779 87 1844 240
person 0.86 1825 81 1883 244
person 0.58 1863 75 1910 252
