person 0.33 0 148 81 276
person 0.96 2 203 85 512
person 0.46 83 150 164 277
backpack 0.25 92 233 172 367
person 0.99 105 190 471 1075
person 0.74 110 186 224 463
backpack 0.26 133 240 217 359
person 0.99 577 123 815 850
person 0.9 646 76 728 226
person 0.99 743 52 806 250
person 0.72 862 81 916 237
person 0.99 871 160 1016 568
backpack 0.49 880 117 926 187
person 0.59 888 89 952 268
person 0.84 950 76 1017 237
person 0.54 985 83 1046 242
backpack 0.67 1003 120 1043 179
person 0.99 1104 75 1172 244
person 1.0 1174 199 1336 616
person 0.97 1193 83 1268 280
person 0.96 1262 76 1332 227
person 0.99 1324 183 1427 537
person 0.99 1401 184 1497 534
person 1.0 1515 184 1634 539
handbag 0.87 1614 426 1709 528
person 0.95 1643 177 1756 536
person 0.65 1700 200 1795 558
person 0.97 1730 196 1840 523
