person 0.48 2 154 71 273
person 0.3 3 154 56 385
person 0.96 26 212 199 542
handbag 0.26 28 206 196 518
person 0.75 81 150 166 273
backpack 0.65 183 230 247 300
person 0.96 414 122 485 341
person 0.99 542 58 604 239
person 0.99 601 55 674 246
person 0.99 693 187 777 395
backpack 0.74 694 229 749 295
person 0.75 742 58 803 245
person 0.97 781 194 907 527
person 0.82 788 143 889 277
person 0.69 789 67 853 185
backpack 0.59 799 256 884 348
backpack 0.26 850 249 914 362
person 0.94 864 82 926 248
person 0.66 933 79 1006 235
person 0.99 934 126 1012 375
backpack 0.33 940 121 1012 255
backpack 0.48 974 172 1014 243
person 0.92 998 110 1058 356
person 1.0 1150 203 1294 610
person 0.88 1158 103 1218 254
person 0.92 1226 87 1290 215
person 0.99 1297 195 1422 512
person 1.0 1407 201 1504 553
handbag 0.33 1410 512 1529 575
person 0.98 1500 214 1607 536
person 0.97 1649 185 1763 578
handbag 0.38 1679 210 1792 558
handbag 0.72 1707 403 1809 484
person 0.64 1735 205 1848 448
person 0.3 1769 195 1803 247
handbag 0.25 1797 279 1873 359
backpack 0.8 1807 278 1862 370
