person 0.38 -2 308 70 454
person 0.94 2 151 74 289
person 0.99 73 170 260 551
person 0.97 74 149 158 293
backpack 0.47 198 233 269 374
person 1.0 354 152 494 559
person 0.43 375 65 442 181
person 0.97 488 131 581 374
person 0.99 581 65 655 244
person 0.85 668 67 734 243
person 0.84 698 69 762 243
person 0.94 746 65 810 246
backpack 0.27 755 101 802 166
person 0.98 786 208 890 514
person 0.82 804 81 870 241
person 0.85 860 73 915 248
person 0.88 914 82 970 272
backpack 0.37 924 119 971 175
person 0.94 959 117 1030 374
backpack 0.33 970 168 1028 241
person 0.94 1042 123 1113 340
person 0.35 1092 70 1150 190
person 0.42 1127 142 1221 405
person 0.25 1147 99 1214 216
person 0.96 1163 173 1288 543
backpack 0.36 1215 262 1291 377
handbag 0.3 1215 262 1291 377
person 0.67 1217 73 1279 238
person 0.8 1263 67 1323 248
person 0.34 1299 74 1358 240
person 0.68 1350 137 1421 290
handbag 0.61 1363 327 1394 393
backpack 0.35 1363 327 1394 393
person 1.0 1365 210 1501 554
person 0.43 1403 127 1468 247
handbag 0.93 1432 410 1529 533
person 0.69 1470 112 1543 248
person 0.98 1491 183 1605 534
handbag 0.8 1553 411 1625 535
person 1.0 1576 179 1722 588
person 0.72 1657 76 1715 224
person 0.99 1690 208 1821 549
person 0.9 1702 74 1767 223
person 0.33 1756 198 1810 276
backpack 0.87 1776 273 1848 362
