person 0.99 0 152 76 292
person 1.0 72 147 166 301
backpack 0.89 182 233 248 301
person 1.0 240 151 350 440
person 0.98 366 64 433 259
backpack 0.68 404 111 441 158
person 0.98 446 190 509 457
person 0.89 497 55 566 273
person 0.91 558 115 635 322
person 1.0 640 174 727 415
person 0.97 692 50 751 242
handbag 0.26 752 108 802 164
person 0.91 757 67 822 254
person 0.31 804 73 852 249
person 0.99 810 197 964 524
person 0.76 839 89 915 278
person 0.26 853 60 895 123
backpack 0.63 880 251 958 358
person 0.91 903 78 972 243
backpack 0.81 970 154 1028 223
person 0.95 976 110 1054 350
person 0.95 1044 91 1141 349
backpack 0.27 1079 146 1127 212
person 0.85 1119 78 1172 295
person 0.6 1161 70 1210 249
person 0.86 1202 66 1260 254
person 0.89 1260 81 1317 245
person 0.96 1715 186 1786 431
person 1.0 1780 217 1921 439
person 0.93 1805 90 1869 238
person 0.4 1875 82 1917 235
person 0.6 1895 98 1919 226
