person 0.9 2 149 70 291
person 0.31 35 153 98 293
person 0.92 60 192 181 461
person 0.35 92 154 162 276
person 0.99 145 100 413 841
person 0.98 365 64 430 242
handbag 0.33 402 106 439 158
person 0.98 506 199 667 797
handbag 0.91 616 341 712 491
person 1.0 652 60 726 256
handbag 0.39 741 102 793 165
person 0.98 744 65 814 257
person 0.98 805 70 875 291
backpack 0.32 826 128 866 195
person 0.82 892 79 959 248
person 0.97 941 103 1010 340
person 0.33 999 111 1044 258
person 0.99 1027 105 1121 338
person 0.3 1040 65 1115 151
backpack 0.38 1041 309 1314 668
person 0.99 1066 179 1447 1047
person 0.89 1109 85 1175 286
person 0.84 1147 71 1206 246
person 0.99 1193 80 1266 246
person 0.97 1282 73 1340 193
person 0.99 1511 87 1604 273
person 0.97 1618 205 1730 440
handbag 0.37 1634 353 1684 396
person 0.3 1875 83 1922 284
