person 0.71 3 148 69 277
person 1.0 19 197 162 568
person 0.72 78 152 156 276
person 0.89 126 199 233 499
person 0.8 169 188 265 471
person 0.26 186 195 262 351
backpack 0.38 187 230 263 369
person 0.99 485 211 613 480
backpack 0.4 728 100 773 163
person 0.99 729 70 811 246
person 0.96 821 94 883 267
person 0.49 846 93 909 268
person 0.77 847 168 930 550
person 0.34 870 77 923 239
person 0.97 878 183 1009 571
person 0.84 897 82 952 230
person 0.38 926 171 1023 481
person 0.86 957 82 1024 223
person 0.98 992 158 1083 451
person 0.99 1061 70 1116 241
person 0.97 1117 95 1174 266
person 1.0 1173 195 1328 620
person 0.93 1225 83 1288 217
person 0.99 1322 173 1425 540
person 0.5 1363 92 1420 225
handbag 0.33 1412 513 1528 574
person 0.96 1420 166 1520 557
person 0.97 1506 75 1577 249
person 0.99 1525 189 1645 530
handbag 0.69 1560 386 1681 509
suitcase 0.5 1562 383 1668 515
person 0.98 1633 187 1775 564
person 0.99 1739 204 1871 552
backpack 0.72 1810 277 1890 364
