person 0.98 1 149 77 293
person 0.99 70 147 166 300
backpack 0.87 181 230 247 300
person 0.99 308 79 380 295
person 0.99 367 185 467 449
person 1.0 511 38 583 266
person 0.99 579 39 649 264
person 0.64 754 79 817 241
handbag 0.38 757 119 800 181
person 0.98 790 201 895 521
person 0.77 797 77 863 239
backpack 0.53 807 252 889 347
person 0.97 859 76 923 245
person 0.99 911 114 998 374
backpack 0.3 921 170 979 238
person 0.58 922 73 984 175
person 0.3 1004 75 1072 173
person 0.95 1011 94 1088 347
backpack 0.54 1056 140 1095 215
person 0.97 1103 53 1182 252
person 1.0 1113 176 1253 580
person 0.5 1220 93 1296 276
person 0.41 1263 81 1323 235
person 0.99 1292 192 1369 421
person 0.52 1294 82 1347 227
person 0.99 1363 177 1457 528
person 0.43 1403 115 1468 211
person 0.99 1423 205 1540 547
person 0.46 1455 147 1499 235
person 0.85 1501 113 1565 255
handbag 0.27 1533 355 1576 418
person 0.94 1540 202 1651 519
handbag 0.8 1543 409 1638 529
person 1.0 1622 177 1768 592
person 0.98 1811 219 1911 552
