person 0.71 -6 188 72 526
person 0.95 1 149 74 287
person 0.99 72 147 167 296
backpack 0.89 184 229 249 298
person 0.99 350 56 441 307
handbag 0.59 461 173 508 242
person 1.0 467 125 537 338
person 0.99 532 50 589 256
handbag 0.31 544 103 591 165
person 1.0 583 83 651 327
person 0.99 663 51 740 242
person 0.75 752 64 809 252
handbag 0.26 763 171 814 244
person 0.87 780 121 848 354
person 0.98 808 175 950 538
backpack 0.82 856 246 941 360
person 0.91 867 70 934 246
person 0.98 932 115 1006 370
backpack 0.72 940 135 1006 251
person 0.36 940 79 1002 183
person 0.91 996 104 1060 336
person 1.0 1147 198 1334 615
person 0.78 1182 133 1253 281
person 0.52 1209 61 1285 204
person 1.0 1321 179 1415 521
person 1.0 1424 217 1537 534
person 1.0 1525 187 1624 541
handbag 0.98 1577 392 1669 499
person 0.99 1630 194 1769 564
handbag 0.29 1727 298 1797 425
person 0.99 1760 194 1905 560
backpack 0.63 1852 271 1915 374
