person 0.74 2 153 71 275
person 0.92 14 208 167 545
handbag 0.29 48 225 175 428
person 0.94 83 152 169 279
backpack 0.61 183 230 247 301
person 0.98 379 130 474 363
person 0.97 498 55 560 251
person 0.98 553 49 634 256
person 0.89 666 67 734 237
person 0.93 701 169 778 386
backpack 0.61 708 198 778 277
handbag 0.29 708 198 778 277
person 0.76 741 60 803 201
person 0.99 783 190 910 533
person 0.44 796 132 875 244
person 0.64 800 63 857 193
person 0.32 832 64 872 149
backpack 0.48 840 248 915 361
person 0.96 866 75 930 244
person 0.99 933 124 1011 377
person 0.51 936 79 1007 234
backpack 0.56 975 173 1015 243
person 0.95 999 109 1060 359
person 1.0 1121 199 1274 619
person 0.74 1173 95 1228 207
person 0.91 1228 89 1289 221
handbag 0.32 1290 322 1347 410
person 0.99 1295 192 1424 513
person 0.99 1402 195 1509 523
person 0.63 1494 214 1559 443
person 0.99 1508 186 1643 568
person 0.97 1643 179 1770 582
handbag 0.76 1656 423 1758 504
handbag 0.32 1709 297 1786 425
person 0.71 1727 219 1826 549
person 0.32 1744 237 1820 419
person 0.97 1802 185 1911 432
