person 0.78 1 148 79 285
person 0.97 2 208 79 512
person 0.78 73 148 157 272
person 0.88 80 192 198 509
handbag 0.35 97 384 142 454
backpack 0.71 121 238 210 364
person 0.99 175 180 274 473
person 0.98 409 64 488 251
person 0.99 487 39 547 260
handbag 0.3 514 104 555 169
handbag 0.28 617 101 660 166
person 0.98 621 61 684 249
person 0.96 677 185 770 475
person 0.78 681 56 753 209
person 0.98 731 172 835 492
person 0.63 752 81 810 225
person 0.93 815 94 883 272
backpack 0.34 825 118 864 185
person 0.37 849 86 902 268
person 0.65 869 76 918 245
person 1.0 880 180 1019 570
person 0.8 896 81 951 235
person 0.96 946 78 1009 241
person 0.94 1002 81 1061 242
handbag 0.43 1024 118 1064 184
handbag 0.42 1032 147 1063 181
person 1.0 1176 196 1330 622
person 0.89 1225 88 1287 224
person 0.72 1301 113 1370 259
person 0.99 1323 172 1425 544
person 0.53 1338 118 1418 257
person 0.98 1406 173 1510 552
suitcase 0.26 1407 496 1534 576
person 0.97 1502 72 1574 236
person 0.99 1519 203 1639 522
bench 0.28 1564 202 1651 239
handbag 0.84 1574 407 1667 511
person 1.0 1635 185 1763 571
person 0.99 1735 214 1873 546
backpack 0.88 1818 277 1895 358
