person 0.98 0 147 75 291
person 0.99 69 148 168 299
backpack 0.74 180 230 250 301
person 0.97 619 73 681 244
handbag 0.34 655 147 682 182
person 0.98 688 65 752 255
person 1.0 719 175 829 494
person 0.86 750 71 808 232
person 0.73 808 90 868 233
person 0.98 820 185 923 531
backpack 0.87 849 253 929 359
person 0.94 866 84 926 245
person 0.77 896 77 949 246
person 0.29 938 218 1009 430
person 0.72 939 99 1008 267
person 0.76 986 204 1100 439
person 0.56 994 111 1061 259
person 0.96 1062 181 1129 432
person 1.0 1130 183 1277 640
person 0.89 1157 78 1217 240
person 0.92 1221 90 1292 227
handbag 0.54 1302 335 1349 421
person 0.99 1315 188 1428 526
person 0.36 1357 120 1417 237
person 0.99 1405 210 1512 545
handbag 0.29 1408 510 1529 574
person 0.99 1499 198 1620 530
person 0.98 1503 73 1576 246
handbag 0.91 1594 411 1697 523
person 1.0 1631 165 1762 598
handbag 0.38 1728 352 1787 431
person 0.98 1769 198 1899 564
backpack 0.9 1839 265 1915 376
