person 0.75 8 159 57 489
person 0.98 25 177 137 476
person 0.77 95 153 168 277
backpack 0.39 184 231 247 298
person 0.56 343 150 412 346
person 0.39 364 60 431 192
handbag 0.5 368 325 416 398
person 0.75 375 187 469 465
handbag 0.29 442 370 490 440
person 0.28 443 41 1295 262
person 0.99 445 169 550 481
person 0.57 508 76 566 237
person 0.87 526 101 627 342
person 0.73 582 57 655 253
person 0.97 651 63 727 258
person 0.9 748 70 821 249
person 0.38 811 91 869 262
person 0.94 818 187 960 521
person 0.76 846 87 908 267
backpack 0.62 877 248 958 364
person 0.91 908 83 975 242
person 0.27 964 79 1015 242
person 0.97 979 115 1054 347
backpack 0.37 997 157 1047 225
person 0.87 1056 100 1127 334
backpack 0.29 1076 144 1122 218
person 0.6 1117 79 1172 294
person 0.95 1162 70 1222 243
person 0.96 1189 198 1351 568
handbag 0.49 1208 309 1310 413
person 0.85 1221 77 1278 225
handbag 0.35 1427 311 1466 384
person 0.99 1430 193 1543 505
person 0.99 1547 202 1655 487
person 0.96 1779 86 1843 240
person 0.91 1823 82 1884 244
person 0.55 1872 92 1918 266
