person 0.96 2 150 73 294
person 0.52 55 147 122 298
person 0.99 85 155 193 452
backpack 0.65 187 229 246 299
person 0.99 267 174 387 464
person 0.89 369 69 431 241
person 0.98 444 156 546 481
handbag 0.35 457 164 485 197
person 0.72 460 87 527 223
person 0.97 532 121 610 315
person 0.98 615 61 691 297
person 0.8 704 72 757 245
handbag 0.31 752 102 800 167
person 0.85 755 67 819 255
person 0.57 809 93 871 262
person 0.99 819 194 960 522
person 0.76 838 88 907 268
backpack 0.52 860 250 946 358
person 0.85 899 84 968 240
person 0.52 961 84 1026 230
person 0.98 981 122 1047 345
backpack 0.34 994 157 1046 224
person 0.41 1010 82 1046 154
person 0.85 1054 111 1122 266
person 0.99 1079 187 1224 642
person 0.32 1105 66 1140 148
person 0.69 1116 81 1177 230
handbag 0.65 1151 328 1231 436
person 0.91 1157 71 1219 236
person 1.0 1193 186 1307 478
person 0.73 1234 74 1304 225
handbag 0.51 1422 320 1464 374
person 0.99 1427 214 1536 462
person 1.0 1520 199 1640 467
person 0.99 1647 212 1775 424
handbag 0.34 1666 266 1709 310
backpack 0.33 1670 249 1732 311
person 0.91 1784 84 1844 243
person 0.82 1817 86 1878 243
person 0.56 1875 92 1917 268
