handbag 0.28 0 194 59 460
person 0.86 1 171 81 476
person 0.51 7 150 71 290
handbag 0.83 27 345 80 407
person 0.36 55 173 118 301
person 0.99 84 148 200 409
backpack 0.6 169 219 254 304
person 0.98 318 77 403 351
handbag 0.29 340 130 408 243
person 0.99 481 47 544 248
person 0.99 549 60 613 249
person 0.91 606 64 675 248
person 0.94 649 61 709 235
person 0.99 706 57 786 247
person 0.4 768 69 832 246
person 0.63 782 137 858 341
person 0.29 784 71 850 184
person 0.98 810 186 951 525
backpack 0.3 857 246 940 356
person 0.9 864 81 933 230
person 0.92 925 114 1004 361
backpack 0.41 938 112 1002 263
person 0.26 940 80 1001 240
person 0.95 994 103 1062 341
person 1.0 1095 71 1169 257
person 0.99 1150 212 1334 610
person 0.98 1208 73 1276 244
person 0.99 1317 171 1425 535
person 1.0 1425 210 1532 543
person 0.99 1529 188 1612 533
person 0.99 1649 166 1761 598
handbag 0.84 1690 393 1790 502
person 1.0 1769 210 1899 548
backpack 0.6 1852 274 1914 374
