person 0.92 0 164 87 441
person 0.44 3 155 74 281
person 1.0 74 147 168 297
backpack 0.56 186 232 244 299
person 0.99 221 123 311 357
person 0.97 309 160 388 428
handbag 0.33 357 415 425 463
person 0.39 363 65 429 204
person 0.97 378 198 475 459
person 0.94 446 206 553 457
person 0.58 465 56 525 200
person 0.74 494 174 586 432
person 0.26 502 144 586 288
person 0.84 625 45 676 254
person 0.93 658 39 724 258
person 0.64 701 43 752 252
handbag 0.6 751 108 802 162
person 0.88 755 63 817 254
person 0.75 796 74 848 244
person 0.96 815 189 958 527
person 0.88 842 86 919 279
backpack 0.78 873 246 958 363
person 0.79 908 77 970 241
person 0.93 962 81 1048 346
backpack 0.31 987 125 1055 238
person 0.95 1047 88 1138 339
person 0.94 1118 69 1185 297
person 0.79 1170 59 1227 263
person 0.57 1193 72 1252 254
person 0.99 1243 69 1322 285
person 0.97 1779 86 1847 240
person 0.84 1821 82 1878 242
person 0.59 1867 91 1917 263
