person 1.0 5 174 121 483
person 0.9 84 154 165 286
person 1.0 159 176 279 481
person 0.98 271 163 387 454
person 0.95 348 108 429 317
person 0.99 421 200 537 497
handbag 0.93 497 370 566 465
person 0.94 502 76 578 297
person 0.41 551 71 609 251
person 1.0 590 51 664 256
person 0.98 705 46 768 252
person 0.7 747 67 813 252
person 0.98 802 77 878 289
person 0.81 898 104 962 257
person 0.32 954 64 1024 151
person 0.96 955 104 1044 342
person 0.67 1019 67 1085 246
person 0.96 1042 113 1141 360
person 0.34 1106 118 1161 302
person 0.33 1113 87 1171 235
person 0.95 1160 65 1213 246
person 0.98 1192 110 1261 331
person 0.86 1254 67 1316 257
person 0.97 1454 80 1514 243
person 0.99 1685 86 1763 259
backpack 0.68 1730 113 1769 161
person 0.99 1777 86 1857 243
person 0.69 1841 237 1918 586
person 0.58 1876 81 1922 279
