person 0.98 -1 206 82 507
person 0.83 1 148 78 283
person 0.91 74 194 200 515
person 0.8 76 149 163 281
backpack 0.48 134 265 212 377
person 1.0 181 173 290 476
person 0.97 293 113 391 375
person 1.0 386 173 510 545
person 0.84 518 62 582 241
person 1.0 522 152 645 562
person 0.34 542 57 608 199
person 0.42 582 63 654 151
person 0.76 597 119 672 298
person 0.99 654 39 737 288
person 0.98 763 64 824 238
person 0.96 816 85 883 270
person 1.0 874 133 1024 592
person 0.82 895 68 950 235
person 0.9 942 75 1013 235
person 0.96 1009 78 1082 243
person 0.95 1064 75 1133 255
person 0.94 1160 65 1243 250
person 0.99 1176 196 1332 626
person 0.87 1212 72 1277 249
backpack 0.37 1255 90 1288 152
person 0.98 1326 177 1421 541
person 0.97 1403 197 1507 522
person 0.85 1448 201 1539 509
person 0.98 1505 73 1565 241
handbag 0.28 1513 107 1555 163
person 1.0 1532 199 1638 530
person 0.97 1642 181 1763 580
handbag 0.51 1689 414 1782 520
person 1.0 1746 218 1876 559
backpack 0.43 1818 276 1897 362
