person 0.96 0 150 75 291
person 0.98 66 149 168 297
backpack 0.72 180 230 250 300
person 1.0 280 50 366 263
person 1.0 381 54 473 256
handbag 0.28 419 85 463 164
person 0.99 494 42 574 278
person 0.85 751 144 814 352
person 0.97 779 183 900 518
person 0.56 804 86 862 230
backpack 0.34 808 253 892 350
person 0.98 862 79 929 244
person 0.99 905 117 999 368
backpack 0.5 920 170 977 239
person 0.42 939 77 997 183
person 0.96 997 103 1067 359
backpack 0.27 1030 148 1068 212
person 1.0 1146 210 1330 618
person 0.94 1224 83 1291 221
person 1.0 1316 172 1425 526
person 0.25 1321 145 1397 239
person 0.53 1354 132 1427 245
person 0.56 1374 86 1437 227
person 0.35 1393 115 1452 246
handbag 0.43 1411 511 1528 574
person 1.0 1423 205 1540 545
person 1.0 1534 195 1626 530
handbag 0.88 1574 387 1678 507
person 0.99 1629 175 1775 582
handbag 0.6 1723 298 1800 423
person 0.99 1761 198 1900 561
backpack 0.63 1851 273 1914 375
