person 0.98 0 147 76 293
person 0.99 71 147 168 300
backpack 0.86 183 231 248 299
person 0.48 272 173 345 371
person 0.97 339 177 428 475
person 0.48 366 71 422 201
handbag 0.46 381 368 441 470
person 0.35 401 71 458 192
person 0.99 411 142 521 523
person 0.3 422 73 471 169
handbag 0.46 449 137 501 190
handbag 0.9 481 224 567 363
person 0.33 493 165 561 311
person 0.93 551 84 643 329
person 0.28 600 59 638 129
person 0.92 640 64 709 256
person 0.85 704 55 765 247
person 0.94 749 72 824 252
handbag 0.4 751 106 802 164
person 0.98 816 189 962 524
person 0.67 853 76 917 246
backpack 0.73 879 245 959 362
person 0.92 906 79 971 238
person 0.5 952 84 1007 241
person 0.94 984 125 1056 337
backpack 0.49 994 137 1061 237
backpack 0.25 1020 154 1063 226
person 0.95 1057 111 1130 351
backpack 0.42 1081 145 1128 215
person 0.88 1122 66 1179 307
person 0.96 1175 67 1230 245
person 0.96 1212 66 1278 242
person 1.0 1237 185 1403 569
person 0.27 1242 75 1298 232
backpack 0.46 1254 89 1291 153
handbag 0.37 1315 246 1393 406
backpack 0.26 1315 246 1393 406
handbag 0.3 1354 307 1399 395
person 1.0 1435 194 1528 514
person 1.0 1550 196 1665 505
person 0.97 1778 82 1847 240
person 0.78 1819 84 1881 241
person 0.58 1871 93 1918 265
