person 0.43 1 149 75 230
person 0.42 2 158 62 323
person 0.99 16 200 141 503
backpack 0.79 45 253 135 359
person 0.75 76 151 157 233
person 1.0 146 181 244 467
person 0.93 642 67 704 236
person 0.95 688 64 752 240
person 0.98 747 73 811 247
person 0.92 818 93 880 263
person 0.5 843 189 935 468
person 0.27 858 64 899 118
person 0.32 861 73 917 188
person 1.0 873 171 1024 580
person 0.46 903 77 961 190
person 0.46 928 84 971 189
person 0.92 960 86 1027 228
person 0.93 1159 136 1218 332
person 1.0 1172 188 1334 628
person 0.72 1214 72 1269 248
person 0.36 1247 89 1298 224
person 1.0 1322 178 1427 536
handbag 0.25 1411 511 1528 575
person 0.99 1416 179 1524 540
person 0.99 1505 72 1575 258
person 1.0 1530 198 1657 550
handbag 0.91 1576 408 1675 509
person 0.99 1630 200 1762 553
person 0.99 1736 207 1856 519
backpack 0.8 1825 279 1880 363
