backpack 0.8 1 368 146 576
person 1.0 15 152 333 890
person 0.32 69 158 116 230
handbag 0.34 358 415 426 461
person 0.64 366 74 429 225
person 0.98 374 182 452 473
person 0.98 444 61 513 271
person 0.92 521 52 582 272
person 0.99 584 61 654 305
backpack 0.33 603 103 648 172
person 0.98 658 53 730 256
backpack 0.92 685 280 779 449
person 1.0 708 183 893 750
handbag 0.29 749 100 798 167
person 0.92 754 64 828 247
person 0.86 842 76 913 239
person 0.98 869 184 965 529
backpack 0.51 887 247 959 362
person 0.9 903 75 975 242
person 0.8 944 74 1005 243
person 0.94 981 120 1055 345
person 0.91 1058 112 1123 354
person 0.94 1116 74 1177 296
person 0.51 1169 61 1216 253
person 0.25 1200 69 1240 143
person 0.97 1212 114 1280 309
person 0.8 1264 68 1317 249
person 0.97 1307 133 1411 359
handbag 0.41 1330 153 1410 335
person 0.96 1778 86 1846 239
person 0.88 1822 84 1883 243
person 0.68 1869 91 1916 266
