person 0.29 4 153 38 204
person 0.99 7 177 146 546
person 0.68 82 154 169 287
person 0.99 174 177 297 470
person 1.0 319 175 398 461
person 0.65 348 127 415 247
person 0.36 359 66 423 181
person 1.0 404 141 493 416
person 0.51 408 96 480 210
handbag 0.31 469 256 499 305
person 0.98 535 212 640 451
person 0.87 562 62 627 246
person 0.84 608 74 663 233
handbag 0.77 615 339 656 422
person 0.99 657 64 738 243
backpack 0.35 677 112 727 159
person 0.99 752 63 819 248
handbag 0.57 754 103 803 168
person 0.99 805 72 876 293
person 0.5 865 75 913 248
person 0.9 900 79 968 247
person 0.96 961 86 1047 349
handbag 0.34 1007 144 1047 217
person 0.37 1039 71 1109 241
person 0.97 1048 117 1145 361
person 0.57 1110 75 1171 245
person 0.77 1165 71 1223 250
person 0.9 1214 55 1281 261
person 0.96 1397 76 1448 239
person 0.85 1514 247 1679 531
person 0.97 1636 216 1767 541
person 0.99 1788 92 1864 278
backpack 0.51 1815 126 1863 181
person 0.6 1873 82 1920 274
