person 0.86 4 186 83 514
person 0.9 75 151 158 267
person 0.97 101 188 222 506
handbag 0.4 108 385 157 447
backpack 0.8 126 234 215 360
person 0.97 182 175 279 474
person 0.62 506 56 561 249
person 0.98 532 47 608 257
handbag 0.34 643 105 684 163
person 0.98 650 71 710 241
person 0.96 699 55 766 237
person 0.91 770 75 827 237
person 0.97 803 184 898 471
person 0.46 814 76 873 227
person 0.71 866 79 917 217
person 1.0 878 180 1019 575
person 0.87 907 80 959 220
person 0.94 952 80 1022 229
person 0.74 1139 188 1235 461
person 1.0 1170 191 1334 631
person 0.34 1231 88 1274 183
person 0.7 1269 95 1333 222
person 0.99 1323 171 1424 546
person 0.26 1362 88 1413 232
person 0.99 1406 205 1514 548
person 0.99 1503 73 1574 250
person 1.0 1520 194 1638 532
person 0.99 1644 165 1755 557
handbag 0.77 1690 411 1773 517
person 1.0 1737 210 1865 554
backpack 0.85 1818 281 1888 353
