person 0.99 0 149 77 292
person 0.99 69 150 170 298
backpack 0.5 175 220 256 334
person 0.99 200 113 451 858
handbag 0.6 237 306 439 631
person 0.98 365 57 432 247
handbag 0.27 407 107 440 158
person 0.99 499 89 582 234
person 0.99 503 179 665 818
person 0.97 600 63 662 251
handbag 0.95 624 335 718 492
person 0.97 652 62 711 238
person 0.7 714 55 765 243
handbag 0.63 743 109 797 164
person 0.94 749 65 811 257
person 0.97 802 80 876 295
backpack 0.29 826 127 871 198
person 0.85 901 93 959 260
person 0.98 951 103 1022 339
person 0.26 964 68 1031 185
person 0.97 1033 85 1134 341
person 0.54 1101 104 1159 303
person 0.3 1112 80 1171 243
person 0.89 1147 73 1206 243
person 0.98 1196 80 1267 247
person 0.99 1289 72 1364 250
person 0.97 1466 71 1527 259
person 0.42 1874 49 1922 268
