person 0.97 -1 150 76 291
person 0.99 66 149 168 297
backpack 0.77 181 230 250 301
person 1.0 550 60 625 245
person 1.0 658 40 741 260
person 0.61 764 127 846 296
person 0.99 782 186 901 521
person 0.61 788 72 853 183
backpack 0.58 805 254 894 348
person 0.87 863 81 932 243
person 0.99 909 120 999 370
person 0.51 939 79 1004 183
person 0.7 995 108 1063 317
person 0.99 1025 200 1108 445
person 1.0 1145 194 1321 619
person 0.95 1187 92 1253 266
person 0.85 1252 76 1314 224
person 1.0 1321 179 1418 523
person 0.35 1386 96 1425 201
person 1.0 1424 217 1544 534
person 1.0 1535 198 1635 520
handbag 0.42 1589 417 1673 507
person 0.98 1625 191 1768 561
car 0.3 1639 167 1764 494
person 0.98 1771 197 1888 522
person 0.68 1861 209 1916 442
