person 0.99 2 209 80 503
person 0.88 2 149 76 278
person 0.69 78 150 156 233
handbag 0.42 87 380 140 451
person 0.83 113 203 215 492
person 0.98 179 177 273 486
person 0.97 390 59 488 306
handbag 0.49 406 340 481 433
person 1.0 414 198 584 635
person 0.71 443 86 505 296
person 1.0 561 156 686 565
person 0.67 834 76 880 236
person 0.71 847 183 930 533
person 0.73 848 81 906 232
person 0.99 877 180 1019 569
person 0.83 884 80 953 232
backpack 0.46 886 118 941 187
person 0.94 953 77 1020 239
person 0.96 1017 68 1074 245
person 0.81 1041 73 1095 241
person 0.99 1113 174 1197 439
person 1.0 1192 209 1353 606
person 0.98 1203 80 1276 245
person 0.92 1270 73 1332 232
person 0.99 1326 186 1420 528
person 0.99 1403 176 1501 536
person 1.0 1532 207 1638 542
person 0.99 1641 183 1754 575
person 0.32 1684 197 1795 566
person 0.98 1729 206 1840 553
backpack 0.37 1802 278 1849 367
