person 0.95 -1 152 76 290
person 0.99 69 147 166 300
backpack 0.84 180 230 248 298
person 0.99 323 126 415 396
person 0.5 357 63 432 195
handbag 0.87 407 275 458 333
handbag 0.7 452 289 503 355
person 0.99 488 145 562 394
person 0.92 606 54 661 246
person 0.99 649 103 725 315
handbag 0.65 746 105 798 164
person 0.92 754 69 818 254
person 0.61 801 71 850 248
person 0.93 812 197 959 525
person 0.87 844 87 918 283
backpack 0.45 884 243 956 363
person 0.92 903 66 974 245
person 0.92 966 76 1047 350
backpack 0.44 983 129 1056 247
person 0.99 1042 94 1136 346
person 0.83 1117 69 1183 253
person 0.87 1155 61 1212 244
person 0.98 1207 70 1273 245
person 0.88 1245 77 1301 244
person 0.73 1429 148 1521 376
person 0.89 1472 206 1571 426
person 0.94 1779 88 1847 241
person 0.27 1806 100 1872 248
person 0.59 1874 87 1921 269
