person 0.56 -2 191 57 459
person 0.83 0 147 76 291
person 0.99 70 148 169 299
backpack 0.73 181 231 250 298
person 0.96 311 59 406 276
person 0.36 509 67 577 256
person 0.71 516 97 611 333
person 0.91 572 149 676 448
person 0.28 595 144 672 283
handbag 0.71 631 259 673 317
person 0.99 754 75 819 238
person 0.99 822 87 884 282
person 0.4 876 70 932 182
person 0.32 885 110 949 263
person 0.99 902 167 1005 543
person 0.97 940 82 1024 233
person 0.99 1002 183 1106 520
person 0.72 1013 119 1079 252
person 0.98 1154 73 1211 257
person 1.0 1174 192 1337 618
person 0.93 1220 87 1288 238
person 1.0 1324 190 1425 531
person 0.29 1364 94 1422 227
person 0.98 1409 216 1514 538
person 0.97 1504 75 1576 244
person 0.99 1514 197 1628 525
handbag 0.85 1579 387 1674 507
person 1.0 1628 188 1750 566
handbag 0.27 1712 296 1785 425
person 0.99 1733 205 1861 549
backpack 0.91 1815 279 1887 357
