person 0.99 1 147 82 293
person 0.99 76 148 170 299
backpack 0.56 182 229 236 300
person 0.83 185 169 295 438
person 0.25 224 197 334 438
person 0.52 280 211 344 391
handbag 0.36 307 360 370 425
person 0.98 333 182 430 488
person 0.59 410 161 523 536
handbag 0.93 426 350 536 473
person 0.26 459 179 527 410
person 0.26 486 199 546 392
person 0.32 537 64 607 246
person 0.86 544 110 642 360
person 0.66 613 82 673 285
person 0.85 665 45 727 270
person 0.61 690 54 746 245
person 0.94 745 72 820 250
handbag 0.47 747 103 801 168
person 0.98 818 186 962 529
person 0.57 842 76 910 240
backpack 0.64 885 246 960 365
person 0.96 908 72 981 237
person 0.94 981 120 1059 343
backpack 0.45 996 137 1065 238
person 0.97 1051 92 1143 346
backpack 0.38 1080 144 1126 216
person 0.82 1123 73 1181 251
person 0.89 1171 68 1228 242
person 0.94 1208 72 1273 239
person 0.99 1231 193 1372 532
handbag 0.3 1293 258 1370 397
handbag 0.62 1417 332 1453 387
person 1.0 1421 200 1527 507
person 1.0 1542 207 1644 497
person 0.96 1778 83 1847 240
person 0.81 1817 84 1880 241
person 0.56 1869 92 1918 264
