person 0.83 3 152 64 277
person 0.98 42 171 172 495
person 0.88 88 153 169 285
person 0.64 190 182 246 426
person 0.99 205 87 435 842
person 0.93 363 60 434 257
cell phone 0.31 380 191 399 220
person 0.99 451 52 525 268
person 0.99 480 208 665 793
person 0.86 517 70 578 244
person 0.52 541 79 599 234
person 0.99 584 77 646 239
handbag 0.96 618 311 710 503
person 1.0 645 50 725 256
handbag 0.38 748 105 799 165
person 0.97 752 71 816 259
person 0.97 804 75 876 298
handbag 0.27 829 131 870 196
person 0.28 857 81 904 282
person 0.96 895 92 957 263
person 1.0 934 103 1027 342
person 0.49 976 69 1024 146
person 0.98 1031 80 1119 340
handbag 0.25 1073 144 1116 212
person 0.94 1114 76 1176 293
handbag 0.4 1152 167 1194 246
person 0.27 1158 75 1190 169
person 0.41 1162 71 1211 244
person 0.99 1212 74 1287 249
person 0.28 1317 103 1382 252
person 0.84 1339 63 1413 256
person 1.0 1417 63 1488 256
person 0.36 1874 52 1922 267
