person 0.77 3 147 70 284
person 0.95 37 192 184 507
backpack 0.91 74 244 167 359
person 0.39 78 156 139 230
person 0.85 130 186 240 467
backpack 0.45 198 224 247 303
person 0.96 717 69 786 243
backpack 0.56 725 102 772 162
person 0.95 745 69 809 236
handbag 0.57 772 309 822 389
person 0.99 778 183 879 483
person 0.53 805 91 866 228
backpack 0.37 806 111 840 184
person 0.32 857 65 899 124
person 0.82 862 83 917 236
person 1.0 880 171 1016 577
person 0.84 902 84 958 229
person 0.97 958 85 1028 235
person 0.94 1123 51 1174 272
person 0.78 1164 86 1213 277
person 1.0 1174 199 1335 620
person 0.94 1217 87 1269 241
person 0.58 1240 94 1298 231
person 0.99 1324 179 1422 536
person 0.27 1364 91 1418 222
person 0.98 1417 181 1522 542
person 0.97 1505 74 1576 243
person 1.0 1517 187 1627 534
person 0.98 1652 172 1758 582
handbag 0.7 1691 415 1774 514
handbag 0.39 1711 301 1785 424
person 0.99 1740 198 1863 563
backpack 0.84 1810 279 1890 360
