person 0.98 4 182 116 416
person 0.74 24 65 117 187
person 0.89 80 152 169 287
handbag 0.83 132 408 225 529
person 0.99 148 172 314 603
person 0.93 366 56 432 258
person 0.95 428 121 498 366
person 0.96 501 188 641 565
person 0.79 561 50 614 209
suitcase 0.25 586 408 656 516
handbag 0.6 592 386 654 501
person 0.96 613 54 682 252
person 0.47 648 55 717 243
person 0.98 677 48 754 249
suitcase 0.98 700 399 803 539
person 0.94 751 68 831 252
person 0.95 782 158 903 562
person 0.76 836 77 904 231
person 0.8 875 167 962 541
backpack 0.62 897 241 963 368
handbag 0.27 897 241 963 368
person 0.79 901 76 970 246
person 0.5 962 52 1039 152
person 0.93 972 118 1054 343
backpack 0.27 992 154 1046 222
person 0.95 1060 106 1129 357
person 0.28 1098 69 1139 145
person 0.7 1118 85 1175 288
person 0.76 1162 66 1220 258
person 0.96 1168 176 1284 541
person 0.88 1209 80 1267 239
handbag 0.49 1255 291 1292 372
person 0.95 1265 77 1325 244
person 1.0 1319 193 1451 517
handbag 0.42 1454 333 1491 385
person 1.0 1463 187 1576 529
person 0.99 1604 200 1715 551
backpack 0.72 1700 276 1750 365
person 0.95 1777 86 1840 242
person 0.87 1826 86 1890 243
person 0.56 1874 89 1920 265
