person 0.97 0 151 76 290
person 0.99 68 150 169 299
backpack 0.75 180 231 251 303
person 0.98 254 126 345 311
handbag 0.72 295 155 354 233
person 1.0 347 105 440 371
person 0.97 488 130 560 368
person 0.97 557 68 632 251
person 0.98 749 63 811 250
person 0.98 801 73 869 299
person 0.45 871 74 922 249
person 0.84 890 74 962 253
person 0.98 943 103 1030 344
person 0.43 1040 66 1110 152
person 0.98 1045 114 1123 350
person 0.81 1109 78 1166 288
person 0.95 1156 70 1217 246
person 0.99 1207 61 1282 247
person 0.89 1274 75 1331 251
person 0.98 1366 206 1492 445
person 0.98 1485 70 1557 248
person 0.98 1490 191 1574 386
