person 0.98 -2 150 75 293
person 0.99 65 149 168 299
backpack 0.79 181 230 249 300
person 0.99 471 56 523 241
person 0.98 520 59 602 252
person 0.94 630 39 697 260
person 0.77 770 119 830 362
person 0.99 781 184 900 524
backpack 0.4 805 257 889 351
person 0.9 863 84 926 243
person 0.99 909 126 999 367
backpack 0.3 928 170 977 238
person 0.74 940 77 1001 183
person 0.99 977 202 1067 456
person 0.89 989 110 1068 244
person 1.0 1145 200 1321 616
person 0.36 1240 93 1308 226
person 0.96 1293 84 1357 230
person 1.0 1323 176 1417 525
person 0.82 1372 96 1424 215
handbag 0.37 1409 511 1530 575
person 1.0 1426 212 1546 540
person 1.0 1533 203 1647 548
handbag 0.87 1588 414 1654 518
person 1.0 1628 178 1757 578
person 0.96 1743 194 1875 531
person 0.64 1860 238 1917 464
