person 0.3 2 149 76 231
person 0.67 4 147 66 339
person 1.0 9 184 180 518
person 0.86 91 154 167 284
backpack 0.9 181 230 243 301
person 0.39 187 50 1529 348
person 0.85 234 163 314 445
person 0.64 255 102 340 220
person 0.98 288 186 393 450
person 0.89 332 168 426 450
person 0.47 333 124 415 235
person 0.58 398 89 477 280
person 1.0 454 188 545 455
person 0.97 576 56 645 245
person 1.0 647 177 739 457
person 0.85 648 57 714 210
person 0.92 748 70 815 250
person 0.99 787 211 889 513
person 0.69 798 82 868 243
backpack 0.46 811 256 886 356
person 0.75 861 76 916 246
person 0.73 908 77 973 248
person 0.4 955 73 1007 251
person 0.86 980 118 1069 370
backpack 0.26 998 174 1051 241
person 0.99 1031 206 1162 624
person 0.3 1052 98 1113 216
person 0.33 1102 104 1158 260
handbag 0.9 1107 444 1233 555
person 0.67 1151 57 1216 267
person 0.98 1173 179 1284 534
person 0.5 1214 102 1282 270
handbag 0.33 1254 296 1292 372
person 0.65 1268 101 1327 286
person 0.68 1297 112 1352 262
person 0.99 1320 183 1447 519
person 0.81 1344 139 1405 240
person 0.97 1411 111 1476 307
person 0.95 1455 204 1549 549
handbag 0.65 1495 406 1567 523
person 0.99 1516 172 1657 585
handbag 0.33 1626 353 1673 425
person 0.98 1644 89 1717 274
person 0.99 1678 198 1818 554
person 0.97 1789 78 1861 249
person 0.7 1880 78 1922 280
