person 0.25 3 153 65 275
person 0.55 5 156 142 323
person 0.91 6 229 140 521
person 0.97 80 151 169 294
backpack 0.72 183 230 247 299
person 0.98 350 147 445 385
handbag 0.25 402 210 436 287
person 0.99 455 61 529 246
person 0.97 510 45 585 255
person 0.96 628 64 696 243
person 0.99 708 154 778 367
person 0.75 708 65 771 197
person 0.68 780 72 863 232
person 0.99 786 200 908 524
person 0.65 797 152 885 270
backpack 0.54 844 245 917 364
person 0.99 868 63 936 258
person 0.39 904 65 960 256
person 0.99 934 118 1012 379
person 0.37 936 78 1000 242
backpack 0.45 941 128 1008 256
backpack 0.5 970 171 1014 243
person 0.92 1002 106 1062 360
person 1.0 1110 196 1255 617
person 0.79 1176 96 1228 211
person 0.93 1227 87 1288 236
person 0.63 1275 207 1341 429
person 0.98 1296 196 1404 516
person 0.98 1407 188 1508 526
person 0.98 1496 208 1620 547
suitcase 0.33 1556 408 1663 514
handbag 0.91 1561 391 1662 505
person 0.72 1609 217 1667 385
person 0.99 1634 202 1769 552
person 0.38 1729 213 1823 546
backpack 0.58 1756 240 1836 367
person 0.95 1858 217 1920 427
