person 0.98 0 149 75 297
person 0.84 74 154 139 293
person 0.99 115 151 226 375
backpack 0.4 198 222 251 302
person 1.0 430 54 507 252
person 0.95 512 115 586 305
person 0.53 557 46 617 263
person 0.79 576 167 678 438
handbag 0.65 587 238 663 408
person 0.43 589 120 665 302
person 0.99 757 69 819 238
person 0.96 821 96 882 260
backpack 0.31 822 117 860 188
person 1.0 834 163 953 552
person 0.49 867 77 921 242
person 0.34 885 75 946 188
person 0.83 946 75 1022 191
person 0.99 973 190 1067 518
person 0.94 1001 113 1081 264
person 0.99 1153 68 1209 255
person 0.99 1190 211 1355 602
person 0.93 1220 87 1285 235
person 0.99 1326 179 1426 537
person 0.98 1417 208 1527 545
person 0.99 1497 215 1621 537
person 0.98 1500 75 1576 245
suitcase 0.55 1604 430 1708 549
handbag 0.85 1608 416 1709 532
person 0.96 1666 200 1801 566
person 0.94 1745 213 1860 545
backpack 0.5 1814 261 1896 351
backpack 0.39 1850 275 1904 363
