person 0.99 1 161 113 445
person 0.98 79 179 239 455
backpack 0.89 181 229 247 302
person 0.98 431 88 494 316
person 0.96 531 64 600 251
person 0.99 582 177 663 485
person 0.85 591 83 648 230
person 0.98 667 153 759 511
backpack 0.34 686 225 761 330
handbag 0.37 747 112 797 184
person 0.71 748 80 818 242
person 0.98 786 198 888 521
person 0.55 805 80 872 244
backpack 0.58 806 253 889 354
person 0.95 857 69 918 247
person 0.36 917 65 980 243
person 0.99 930 114 1004 377
person 0.36 941 74 1007 239
backpack 0.32 977 167 1013 240
person 0.93 1004 98 1081 341
person 0.95 1087 59 1153 253
person 1.0 1137 211 1320 612
person 0.98 1148 65 1223 254
person 0.89 1224 83 1286 230
person 0.52 1290 100 1347 210
person 0.25 1299 197 1357 400
person 1.0 1313 176 1437 530
person 1.0 1427 209 1542 542
person 1.0 1539 203 1645 523
handbag 0.81 1570 386 1680 506
person 0.89 1627 69 1697 253
person 0.99 1638 160 1763 566
person 1.0 1766 192 1901 569
backpack 0.52 1863 243 1919 416
person 0.32 1871 254 1919 445
