person 0.98 -2 150 76 291
person 0.99 68 150 170 296
backpack 0.6 179 230 249 300
person 1.0 426 55 504 263
person 0.58 515 62 575 256
person 0.97 553 59 614 262
person 0.62 610 84 671 289
person 0.94 620 53 704 324
person 1.0 684 160 810 550
backpack 0.47 815 116 842 183
backpack 0.49 822 115 869 189
person 0.98 822 192 941 529
person 0.64 823 98 881 225
person 0.86 866 78 923 240
backpack 0.59 882 263 959 380
person 0.72 894 74 947 243
person 0.99 928 126 1002 364
person 0.46 942 76 1000 179
backpack 0.5 946 170 1006 238
person 0.95 1004 103 1063 361
person 0.87 1094 76 1143 246
person 0.96 1155 92 1213 260
person 1.0 1167 209 1331 612
person 0.94 1224 85 1290 225
skateboard 0.46 1236 519 1318 640
person 0.99 1316 180 1425 536
person 0.99 1408 205 1512 552
person 1.0 1501 195 1618 530
person 0.97 1506 72 1573 245
suitcase 0.39 1588 436 1694 545
handbag 0.55 1590 426 1689 529
person 1.0 1628 178 1756 591
handbag 0.34 1700 340 1777 430
person 0.91 1827 193 1923 525
