person 0.96 -1 151 75 289
person 0.97 72 150 170 295
person 0.99 160 144 596 811
backpack 0.58 186 233 250 299
person 0.77 219 119 294 316
handbag 0.51 227 295 449 581
handbag 0.29 230 440 427 594
person 0.86 294 130 377 225
person 0.71 391 23 486 183
person 0.27 398 178 639 777
person 0.3 458 97 528 211
person 0.58 500 64 564 194
person 0.99 589 41 660 263
person 0.99 647 31 723 263
person 0.97 756 73 824 249
handbag 0.63 761 105 813 170
person 0.92 810 83 883 284
person 0.44 855 93 914 261
person 0.27 891 78 961 176
person 0.99 904 101 1002 336
backpack 0.63 917 148 978 215
person 0.45 963 66 1033 191
person 0.95 1000 91 1077 324
person 1.0 1004 223 1286 616
backpack 0.27 1021 138 1066 213
person 0.54 1048 74 1103 236
person 0.92 1104 76 1170 224
person 0.99 1173 73 1245 237
person 0.99 1276 67 1341 247
person 0.98 1469 168 1573 383
backpack 0.3 1524 108 1574 164
person 0.98 1525 82 1597 251
person 0.97 1647 107 1730 283
person 0.98 1797 165 1882 330
person 0.26 1885 79 1922 285
