person 0.98 2 150 74 293
person 0.98 46 164 245 477
person 0.65 72 149 143 283
backpack 0.92 140 215 246 327
handbag 0.63 352 442 478 559
person 0.97 368 66 430 241
person 0.95 376 184 511 651
person 0.75 441 89 509 283
person 0.79 483 51 557 258
person 0.95 528 110 605 353
person 0.35 551 78 620 184
backpack 0.32 552 156 601 233
person 0.83 614 54 678 248
person 0.97 645 58 709 247
person 0.96 748 69 818 252
person 0.98 793 207 902 515
person 0.73 800 82 872 241
backpack 0.63 807 252 891 356
person 0.96 865 76 927 240
person 0.96 923 96 1002 328
suitcase 0.98 988 510 1146 757
person 0.95 997 130 1068 354
person 0.45 999 71 1063 177
person 0.92 1057 99 1130 337
person 1.0 1099 146 1374 829
person 0.3 1103 65 1148 149
person 0.7 1125 68 1181 294
person 0.79 1160 58 1216 264
person 0.66 1205 75 1268 234
person 0.88 1304 99 1365 260
person 1.0 1338 188 1452 510
person 0.95 1362 97 1429 228
handbag 0.5 1451 335 1490 396
person 1.0 1460 205 1582 515
backpack 0.98 1508 292 1829 684
person 0.97 1593 180 1917 1086
person 0.57 1678 207 1776 320
