person 0.98 0 148 76 291
person 1.0 72 146 168 300
backpack 0.78 182 232 249 298
person 1.0 238 126 331 363
person 0.99 333 204 432 457
person 0.95 352 76 425 226
handbag 0.78 410 271 458 339
person 1.0 426 195 543 467
person 0.99 510 77 583 307
person 0.54 621 98 681 284
person 0.97 643 96 699 310
person 0.56 764 106 836 265
backpack 0.69 771 132 824 202
person 0.87 784 201 905 523
backpack 0.41 848 242 921 366
person 0.91 862 77 930 230
person 0.25 936 79 1008 237
person 0.98 939 112 1010 380
backpack 0.44 953 168 1007 244
person 0.88 1004 107 1058 360
person 0.99 1129 202 1253 622
person 0.89 1164 84 1222 229
person 0.98 1198 225 1364 666
person 0.94 1225 87 1286 219
person 0.84 1333 194 1422 521
person 0.99 1365 203 1604 758
person 0.74 1534 186 1632 529
person 0.3 1546 206 1628 386
handbag 0.89 1579 389 1670 502
person 0.99 1633 198 1765 558
person 0.86 1727 199 1833 520
backpack 0.41 1806 280 1881 372
person 0.75 1810 166 1882 328
