person 0.66 5 147 57 284
person 0.99 44 188 186 502
person 0.47 102 152 167 277
backpack 0.78 182 233 248 299
handbag 0.64 190 392 274 478
person 1.0 237 182 353 532
person 0.81 301 111 381 261
person 0.58 378 77 454 236
person 0.98 380 150 508 548
handbag 0.39 385 220 459 384
person 0.25 438 99 486 165
handbag 0.9 473 370 550 491
handbag 0.36 564 364 646 464
suitcase 0.84 577 360 648 465
person 0.99 595 67 649 247
person 1.0 619 185 726 470
person 0.98 713 53 769 242
handbag 0.3 752 106 802 162
person 0.86 761 69 827 249
person 0.56 796 71 856 244
person 0.98 823 193 961 520
person 0.84 850 79 914 243
backpack 0.7 883 245 959 363
person 0.87 909 78 985 245
person 0.29 944 71 1005 249
person 0.47 971 53 1036 154
person 0.96 977 117 1059 346
backpack 0.4 991 140 1062 239
person 0.94 1055 84 1141 345
person 0.8 1124 74 1180 299
person 0.88 1168 67 1226 250
person 0.98 1177 180 1286 534
person 0.75 1239 79 1294 225
person 0.99 1318 188 1433 514
person 1.0 1447 196 1574 520
person 0.99 1599 199 1716 550
backpack 0.73 1667 249 1754 364
person 0.92 1778 84 1844 240
person 0.77 1813 87 1881 241
person 0.64 1874 93 1921 266
