person 0.93 4 152 69 285
person 0.99 57 174 168 462
backpack 0.5 87 226 167 325
person 0.99 163 178 287 458
person 0.94 365 96 429 254
handbag 0.25 521 155 586 344
person 0.93 526 135 592 365
person 0.59 617 64 671 256
person 0.95 645 64 709 263
person 0.96 703 61 771 248
person 0.78 757 72 821 249
person 0.98 788 66 880 313
person 0.4 862 70 918 249
person 0.87 887 74 963 258
person 0.99 953 98 1049 345
person 0.42 965 65 1042 153
backpack 0.62 965 140 1043 231
person 0.99 1036 99 1131 346
person 0.25 1037 66 1107 149
person 0.69 1111 92 1169 277
person 0.94 1154 73 1216 247
backpack 0.48 1180 104 1219 165
person 0.98 1212 65 1292 251
person 0.9 1285 76 1352 252
person 0.99 1554 80 1627 248
suitcase 0.56 1627 408 1726 496
person 0.99 1687 197 1824 528
person 0.26 1880 50 1922 267
