person 0.98 0 147 77 293
person 0.99 70 148 163 299
person 0.97 127 198 257 506
handbag 0.66 225 279 299 380
person 1.0 269 212 392 505
person 1.0 352 71 431 286
person 1.0 478 57 545 256
person 0.95 554 50 631 271
person 0.91 606 154 678 369
handbag 0.48 639 199 683 268
handbag 0.33 763 201 820 265
backpack 0.37 768 132 816 195
person 0.95 780 186 904 519
backpack 0.28 805 243 886 350
backpack 0.52 845 237 916 362
person 0.92 868 81 931 233
person 0.98 926 96 1007 375
backpack 0.36 969 169 1012 241
person 0.81 1003 109 1058 361
backpack 0.29 1022 144 1065 214
person 1.0 1132 199 1274 628
person 0.97 1148 78 1228 249
person 0.96 1222 83 1293 232
handbag 0.68 1297 336 1351 421
person 0.98 1316 188 1426 527
umbrella 0.27 1368 54 1425 209
person 0.98 1401 185 1504 534
handbag 0.43 1408 512 1529 573
person 1.0 1491 206 1610 547
handbag 0.44 1611 429 1678 516
person 0.98 1624 246 1782 627
person 0.27 1659 169 1749 312
person 0.37 1694 222 1799 554
person 0.65 1741 198 1827 520
person 0.99 1790 215 1922 673
