person 0.88 1 147 80 289
person 0.78 3 231 111 465
handbag 0.69 42 280 91 356
person 1.0 75 147 168 297
backpack 0.67 180 230 248 301
person 0.99 364 59 429 253
person 0.99 522 141 607 382
person 0.99 613 46 675 246
person 0.96 681 58 739 237
person 0.98 753 85 820 271
person 0.98 791 204 894 519
person 0.7 805 99 864 263
backpack 0.43 806 256 888 351
person 0.97 862 83 919 242
person 0.98 917 112 992 374
person 0.5 917 74 985 239
person 0.98 995 104 1087 344
person 0.29 1039 64 1102 194
person 0.99 1123 176 1265 552
person 0.63 1124 55 1192 250
person 0.97 1153 55 1216 249
person 0.81 1221 86 1290 270
person 0.95 1291 75 1366 301
person 0.95 1362 194 1452 506
handbag 0.47 1363 335 1395 391
suitcase 0.25 1410 493 1536 574
person 1.0 1418 206 1537 547
person 0.65 1421 159 1485 253
person 0.64 1502 190 1561 296
person 0.99 1531 200 1641 519
handbag 0.9 1574 412 1678 536
suitcase 0.35 1577 434 1681 545
person 0.98 1632 191 1766 573
person 0.28 1694 195 1796 531
person 0.81 1743 208 1845 455
