person 0.67 2 150 64 284
person 0.95 24 194 125 461
person 0.5 83 184 174 479
person 0.53 83 148 160 232
handbag 0.91 122 410 235 540
person 0.99 147 161 305 616
person 0.96 368 133 456 390
person 0.99 516 32 588 267
handbag 0.32 588 197 713 529
person 0.99 592 44 655 253
person 0.99 598 162 737 563
handbag 0.35 598 288 695 430
person 0.74 648 52 726 213
handbag 0.46 651 413 737 520
person 0.66 716 55 771 240
suitcase 0.95 731 384 856 571
person 0.97 756 68 829 258
person 1.0 817 156 976 610
person 0.91 832 76 901 246
person 0.76 906 79 977 185
person 0.96 963 119 1049 342
person 0.83 967 49 1038 148
person 0.95 1040 92 1135 344
person 0.87 1117 86 1180 281
person 0.97 1168 174 1284 544
person 0.58 1179 65 1226 252
person 0.66 1192 78 1251 236
person 0.96 1243 94 1309 284
handbag 0.63 1258 299 1293 369
person 0.87 1296 80 1351 243
handbag 0.3 1318 326 1368 399
person 1.0 1323 196 1453 511
handbag 0.37 1461 336 1497 389
person 1.0 1462 194 1587 530
person 0.99 1603 193 1716 556
backpack 0.73 1669 252 1751 364
person 0.95 1778 83 1842 241
person 0.84 1824 85 1886 242
person 0.6 1871 91 1919 265
