person 0.97 -1 197 89 516
person 0.71 2 151 87 269
person 0.77 80 148 169 281
backpack 0.66 85 237 168 371
person 0.91 106 201 212 504
backpack 0.37 128 241 214 371
person 0.99 186 176 282 477
person 0.9 347 64 399 266
person 0.95 381 69 784 1112
person 0.96 390 92 453 317
backpack 0.76 393 218 766 868
person 0.99 449 62 509 258
person 0.96 584 40 652 216
person 0.92 653 35 739 119
person 0.98 714 162 968 1026
backpack 0.74 820 113 860 188
person 0.91 821 92 882 231
backpack 0.5 842 278 949 426
person 0.98 854 202 1025 683
person 0.62 862 80 917 236
person 0.7 892 79 952 224
person 0.81 943 87 1008 215
backpack 0.57 952 118 995 179
person 1.0 1008 89 1554 1069
backpack 0.68 1053 242 1136 359
person 0.77 1065 178 1206 596
handbag 0.71 1295 673 1467 835
person 0.36 1344 116 1407 248
person 0.64 1351 201 1427 288
person 0.92 1395 197 1514 388
person 0.43 1473 72 1524 195
person 1.0 1530 200 1634 523
person 0.49 1608 219 1662 381
person 0.98 1641 184 1767 576
handbag 0.36 1656 411 1736 523
handbag 0.35 1708 302 1784 422
person 0.98 1743 198 1832 511
