person 0.99 -1 149 78 294
person 0.99 70 153 169 292
person 1.0 172 119 276 374
person 0.8 497 63 545 306
person 0.47 541 110 598 318
person 0.52 544 49 613 211
person 0.99 584 204 657 438
person 0.87 592 111 672 262
handbag 0.8 602 246 651 311
handbag 0.38 649 221 686 270
person 0.99 753 71 823 235
person 0.47 815 90 881 231
person 1.0 824 142 917 563
backpack 0.33 824 116 862 188
person 0.43 864 76 924 237
person 0.43 918 150 986 375
person 0.79 938 77 1010 233
person 0.99 951 180 1054 520
person 0.82 989 113 1066 256
person 0.98 1153 74 1206 255
person 0.99 1187 215 1357 598
person 0.97 1219 86 1287 236
person 0.99 1327 173 1427 542
person 0.97 1403 205 1517 548
person 0.99 1503 74 1577 246
person 0.99 1509 189 1634 539
person 0.98 1655 184 1809 591
handbag 0.68 1732 412 1822 527
person 0.98 1773 201 1906 554
