person 0.27 2 169 52 372
person 0.3 3 123 42 526
person 0.97 39 174 197 538
backpack 0.33 184 228 247 301
person 1.0 254 153 409 574
person 0.96 373 57 426 254
person 0.95 473 144 554 411
person 0.99 537 62 605 241
person 0.99 644 72 705 251
person 0.97 699 65 765 247
backpack 0.36 745 103 797 162
handbag 0.29 745 103 797 162
person 0.79 746 70 812 246
person 0.96 790 209 893 514
person 0.87 798 75 869 242
person 0.94 865 71 924 245
person 0.76 917 81 973 271
person 0.95 936 112 1032 364
handbag 0.47 950 132 1024 247
backpack 0.44 969 168 1029 245
person 0.9 1034 98 1103 329
person 0.41 1069 85 1134 239
handbag 0.35 1074 150 1113 211
person 0.78 1098 70 1148 242
person 0.42 1156 56 1215 194
person 0.98 1163 166 1287 541
person 0.85 1217 66 1287 235
handbag 0.27 1257 294 1294 376
person 0.88 1298 100 1368 280
person 0.52 1348 97 1408 267
backpack 0.28 1360 328 1392 392
person 0.99 1361 249 1535 559
person 0.86 1368 194 1481 334
handbag 0.44 1419 436 1530 567
suitcase 0.42 1419 436 1530 567
person 0.6 1452 166 1525 263
person 0.31 1455 200 1504 268
person 0.52 1464 111 1530 211
person 0.93 1500 197 1609 455
person 0.46 1522 113 1588 219
handbag 0.57 1546 412 1626 536
person 1.0 1578 177 1721 582
person 0.59 1628 80 1684 219
person 0.87 1676 80 1739 224
person 0.97 1691 205 1814 552
backpack 0.34 1770 243 1839 368
person 0.95 1789 199 1896 439
