person 0.98 -1 151 78 294
person 0.47 45 145 109 300
person 0.99 78 154 202 440
person 0.99 183 185 305 447
person 1.0 461 85 544 287
person 0.9 566 57 633 252
person 0.83 606 69 669 251
person 0.52 640 84 697 246
person 0.98 678 178 759 478
person 0.48 732 171 849 491
person 0.82 748 78 823 236
person 0.93 772 185 892 521
person 0.85 805 81 875 237
backpack 0.9 814 252 890 358
person 0.78 871 73 926 243
person 0.99 929 112 1004 381
person 0.28 940 72 1006 177
backpack 0.28 971 156 1015 233
person 0.96 1008 95 1083 346
person 0.97 1107 66 1167 246
person 1.0 1142 199 1321 619
person 0.8 1230 81 1285 220
person 0.8 1273 108 1336 249
person 0.99 1341 183 1442 516
person 0.27 1409 168 1468 374
person 0.4 1419 159 1476 270
person 1.0 1427 195 1543 555
person 0.97 1539 194 1652 531
handbag 0.91 1554 391 1655 494
person 0.96 1575 65 1640 240
person 0.99 1608 181 1759 575
person 1.0 1785 189 1900 577
backpack 0.55 1864 240 1920 413
person 0.4 1874 250 1919 453
