person 0.97 -1 150 74 291
person 0.99 65 148 165 299
backpack 0.76 179 230 249 300
person 1.0 515 115 653 301
person 0.89 758 89 817 278
person 0.5 784 104 854 267
person 0.93 789 193 908 527
backpack 0.64 832 264 915 373
person 0.97 867 79 936 243
person 0.45 907 82 965 242
person 0.97 924 178 1007 434
person 0.52 941 116 1001 253
person 0.35 947 74 1008 187
person 0.98 991 113 1060 322
backpack 0.3 1030 145 1066 211
person 1.0 1133 186 1277 647
person 0.96 1146 73 1214 254
person 0.95 1217 89 1289 232
handbag 0.53 1302 338 1348 424
person 0.99 1317 188 1425 529
person 0.59 1373 95 1428 225
person 0.97 1409 207 1510 545
handbag 0.55 1409 511 1529 573
person 1.0 1497 200 1614 549
person 0.98 1505 73 1575 241
person 0.9 1648 183 1760 574
handbag 0.42 1662 421 1739 520
backpack 0.89 1743 241 1841 367
person 0.54 1866 84 1921 279
