person 0.94 1 152 75 289
person 0.96 70 148 170 299
backpack 0.77 186 231 254 298
person 0.41 366 59 411 200
person 0.97 367 195 489 472
handbag 0.34 399 258 486 393
person 0.92 403 72 467 239
person 0.95 461 116 533 313
person 0.31 492 78 532 141
person 0.45 516 41 575 146
person 0.92 528 96 597 331
person 0.32 566 54 606 135
person 0.97 590 168 677 433
person 0.73 598 48 666 160
person 0.92 666 76 729 236
person 0.92 739 175 821 444
handbag 0.47 750 103 799 167
person 0.79 753 74 819 234
person 0.73 814 83 880 298
handbag 0.41 814 277 842 340
person 0.84 841 80 903 301
person 0.91 899 87 959 264
person 0.28 951 68 988 147
person 0.97 959 104 1049 342
person 0.26 982 63 1023 125
backpack 0.56 1021 152 1060 229
person 0.51 1037 65 1107 150
person 0.96 1053 109 1130 355
person 0.57 1111 93 1170 284
person 0.96 1159 72 1220 246
person 0.96 1214 66 1294 251
person 0.88 1289 72 1352 253
person 0.99 1764 91 1854 274
person 0.52 1883 79 1923 283
