person 0.99 1 145 83 300
handbag 0.63 64 365 109 419
person 0.94 68 199 215 451
person 0.81 85 150 170 277
handbag 0.31 145 272 191 336
backpack 0.75 182 230 248 300
person 0.98 380 61 438 258
person 0.99 553 106 639 358
person 0.99 645 59 714 243
person 0.94 709 64 777 243
handbag 0.25 742 114 795 187
person 0.82 751 78 818 274
person 0.99 789 207 893 518
person 0.76 796 82 857 240
backpack 0.41 808 254 890 352
person 0.97 860 80 916 245
person 0.42 915 73 986 248
person 0.99 918 110 992 376
person 0.97 998 80 1085 352
person 0.99 1107 44 1173 265
person 1.0 1132 182 1263 536
person 0.84 1151 72 1212 240
person 0.84 1211 88 1280 233
person 0.98 1268 81 1342 295
handbag 0.47 1311 183 1352 226
person 0.76 1359 194 1450 511
handbag 0.4 1362 333 1395 388
person 0.31 1382 192 1461 347
person 0.99 1411 200 1533 554
person 0.87 1455 147 1524 235
handbag 0.85 1516 410 1631 526
person 0.55 1521 161 1596 365
person 0.94 1535 203 1644 452
person 1.0 1608 185 1763 586
person 0.71 1719 210 1833 549
backpack 0.9 1756 240 1851 370
