person 0.97 0 148 75 290
person 0.98 68 150 156 295
person 0.45 143 191 209 398
person 0.28 145 140 197 189
handbag 0.52 150 386 211 458
person 0.99 159 187 328 568
person 0.61 300 158 375 260
person 0.95 301 202 416 508
backpack 0.26 340 244 421 353
person 0.6 359 61 427 201
person 0.95 373 170 482 439
person 0.95 467 66 553 313
person 0.58 487 35 557 157
person 0.74 565 55 629 247
person 0.94 602 50 673 266
person 0.93 660 50 724 257
person 0.8 702 49 763 250
person 0.88 744 66 808 253
handbag 0.45 747 104 802 164
person 0.97 785 66 883 306
person 0.81 868 76 933 253
person 0.96 954 184 1043 478
person 0.37 956 83 1027 231
person 0.26 980 120 1057 306
person 0.96 1048 101 1144 343
person 0.5 1113 77 1174 245
person 0.95 1157 64 1217 240
person 0.89 1212 66 1288 246
person 0.96 1263 72 1327 249
person 1.0 1504 193 1616 502
person 0.99 1659 193 1763 502
person 0.9 1706 93 1760 228
person 0.9 1778 89 1849 238
person 0.97 1803 148 1888 351
person 0.32 1879 93 1919 276
