person 0.93 13 172 112 465
person 0.99 103 151 212 460
backpack 0.7 189 226 249 303
person 0.99 343 169 447 475
person 0.78 354 94 432 210
person 0.58 420 181 504 464
person 0.98 482 77 557 302
person 0.94 553 96 629 317
person 0.76 610 65 663 249
person 0.91 655 72 719 247
person 0.83 710 65 766 240
person 0.89 758 65 824 252
person 0.34 815 96 877 259
person 1.0 819 198 960 521
person 0.49 846 80 911 240
backpack 0.54 882 248 959 359
person 0.73 893 82 964 238
person 0.96 983 126 1058 297
person 0.99 1007 177 1170 716
person 0.76 1046 71 1110 185
person 0.5 1056 118 1127 250
backpack 0.68 1073 346 1173 485
handbag 0.33 1073 346 1173 485
person 0.97 1116 70 1184 252
person 0.81 1168 69 1225 246
person 0.85 1192 74 1250 245
person 0.96 1243 77 1305 241
person 1.0 1322 189 1413 449
person 0.97 1411 191 1488 421
person 0.95 1780 84 1846 239
person 0.79 1819 83 1881 243
person 0.64 1870 93 1916 265
