person 0.93 1 150 74 284
person 0.76 62 212 169 446
person 1.0 64 233 421 1058
handbag 0.33 70 562 157 652
person 0.84 76 150 164 236
person 0.57 366 76 419 232
person 0.99 382 150 472 405
person 0.45 490 148 553 342
person 0.84 496 137 586 409
person 0.56 539 158 599 398
person 0.96 559 50 627 248
person 0.99 649 44 720 261
handbag 0.5 745 105 794 163
person 0.92 751 68 813 255
person 0.98 800 75 871 299
person 0.83 897 93 963 258
person 0.91 943 111 1036 336
person 0.25 953 75 989 139
person 0.43 1044 62 1113 151
person 0.86 1048 120 1122 319
backpack 0.41 1066 152 1116 224
person 0.78 1114 74 1174 301
person 0.46 1161 72 1213 246
person 0.8 1201 106 1261 307
person 0.29 1218 78 1269 243
person 0.3 1248 75 1286 140
person 0.96 1274 74 1335 250
person 1.0 1438 66 1499 257
person 0.29 1876 50 1923 268
