person 0.45 2 152 73 282
person 0.96 4 185 115 486
person 0.98 76 151 169 293
backpack 0.46 182 231 247 298
person 0.96 333 192 443 461
handbag 0.26 388 252 436 309
person 0.97 429 199 553 495
person 0.97 753 76 819 239
backpack 0.32 812 115 840 182
person 0.69 817 100 885 264
backpack 0.33 825 114 868 188
person 0.82 838 111 932 379
handbag 0.34 847 174 923 260
backpack 0.79 862 187 925 255
person 0.71 894 76 953 227
person 0.99 937 189 1043 527
person 0.95 948 79 1023 234
person 1.0 1031 175 1124 540
person 0.87 1046 91 1108 211
person 0.93 1138 99 1202 268
person 0.99 1203 177 1347 648
handbag 0.46 1230 360 1322 460
person 0.89 1237 87 1310 241
person 0.99 1328 183 1419 535
person 1.0 1408 183 1512 536
handbag 0.35 1411 511 1529 575
person 1.0 1462 136 1910 980
person 0.99 1505 72 1576 258
person 1.0 1532 202 1642 517
person 0.96 1649 166 1764 380
person 0.96 1755 203 1802 266
