person 0.96 0 151 73 291
person 0.98 73 147 167 301
backpack 0.76 182 231 251 299
person 0.76 367 82 427 236
person 0.97 381 190 465 474
person 0.99 496 110 567 359
person 0.64 548 59 640 318
person 0.65 593 105 652 328
person 0.45 624 64 681 193
person 0.35 638 66 704 236
person 0.97 642 156 735 405
person 0.91 693 53 760 246
person 0.89 751 60 813 256
person 0.97 800 69 873 299
person 0.48 846 67 900 246
person 0.94 899 90 963 260
person 0.98 960 99 1050 344
person 0.39 962 65 1035 147
person 0.67 1038 62 1116 151
person 0.97 1047 112 1125 352
backpack 0.41 1055 152 1108 229
person 0.39 1112 89 1167 280
person 0.94 1152 69 1216 246
backpack 0.27 1183 96 1217 169
person 0.92 1210 67 1289 246
person 0.93 1277 70 1339 252
person 0.75 1347 84 1411 243
person 0.92 1556 197 1661 422
backpack 0.36 1564 258 1624 322
person 0.98 1696 84 1766 241
person 0.35 1877 85 1922 280
