person 0.98 0 147 75 293
person 0.99 71 148 167 299
person 1.0 186 115 297 377
person 0.99 322 51 395 261
person 0.99 430 77 492 297
handbag 0.27 444 114 492 184
backpack 0.45 544 135 589 195
person 0.93 545 109 611 295
person 0.3 549 59 611 210
person 0.83 612 66 666 241
person 0.99 642 60 721 259
person 0.92 704 52 763 241
person 0.36 767 68 829 239
person 0.62 767 136 878 346
person 0.39 785 60 852 189
person 0.99 809 175 950 533
backpack 0.86 849 245 941 357
person 0.95 871 78 932 231
person 0.45 897 79 961 237
person 0.99 926 118 1007 369
person 0.61 941 81 1005 178
person 0.86 996 102 1061 340
person 0.94 1046 78 1099 238
person 1.0 1150 212 1330 616
person 0.96 1191 74 1255 248
person 0.81 1247 85 1296 226
person 0.63 1299 164 1345 249
person 1.0 1319 175 1421 523
person 0.36 1387 94 1423 202
person 1.0 1422 223 1545 529
person 0.93 1529 193 1614 524
handbag 0.85 1605 389 1682 501
person 1.0 1621 183 1772 579
person 0.99 1764 200 1901 559
backpack 0.49 1854 272 1915 374
