person 0.38 1 128 31 584
person 0.87 2 150 74 291
person 0.99 71 148 167 297
backpack 0.47 185 228 246 299
person 0.95 328 76 414 400
person 0.89 389 155 494 397
person 0.31 402 62 459 195
person 0.63 491 90 560 276
person 0.69 553 55 621 251
person 0.77 601 164 694 412
person 0.59 616 53 683 208
person 0.46 643 63 713 236
person 0.94 687 75 747 239
person 0.82 750 75 816 248
person 0.84 812 77 883 290
person 0.5 864 57 916 305
person 0.66 894 78 950 248
person 0.33 964 77 1032 235
person 0.9 977 120 1052 340
backpack 0.5 996 156 1052 223
person 0.37 1038 66 1109 187
person 0.93 1059 110 1134 359
person 0.25 1107 110 1165 264
person 0.93 1130 203 1229 444
person 0.91 1162 71 1224 238
backpack 0.42 1177 255 1234 326
person 0.93 1210 68 1279 240
person 0.94 1273 147 1346 367
person 0.48 1295 96 1361 210
person 0.98 1342 139 1413 363
person 0.98 1709 88 1769 243
person 0.98 1774 84 1857 241
person 0.94 1812 196 1913 417
handbag 0.58 1817 245 1858 304
