person 0.63 0 184 89 462
person 0.9 2 150 76 292
person 1.0 75 148 168 297
backpack 0.55 185 231 239 299
person 1.0 222 107 313 366
person 0.99 329 157 423 436
person 0.46 361 64 428 250
person 0.98 424 188 534 453
person 0.74 430 60 505 191
person 0.4 445 119 546 366
person 0.99 535 46 605 255
person 1.0 600 51 684 269
person 0.93 719 60 784 251
handbag 0.4 737 104 792 164
person 0.92 752 63 812 255
person 0.88 809 80 878 286
person 0.51 845 84 908 289
person 0.98 867 199 968 503
backpack 0.57 892 249 973 359
handbag 0.37 892 249 973 359
person 0.64 896 83 960 237
person 0.9 978 117 1049 343
person 0.97 1049 90 1142 343
person 0.29 1051 65 1108 194
backpack 0.45 1077 144 1125 212
person 0.65 1114 91 1174 283
person 0.93 1163 65 1218 239
person 0.86 1215 75 1286 243
person 0.97 1259 71 1327 250
person 1.0 1401 190 1568 652
person 1.0 1582 148 1734 681
person 0.96 1673 81 1754 268
person 0.99 1773 86 1859 241
person 0.7 1876 79 1922 277
