person 0.88 4 153 72 289
person 0.98 63 171 160 441
person 0.44 141 190 201 409
person 0.99 179 174 295 457
handbag 0.44 320 306 395 360
person 0.99 322 172 412 477
handbag 0.5 332 213 406 393
person 0.75 382 74 462 238
person 0.98 405 186 485 459
person 0.99 500 54 577 298
person 0.95 587 54 652 295
person 0.96 653 65 731 254
person 0.48 700 69 756 241
handbag 0.42 744 100 798 168
person 0.95 755 53 823 256
person 0.3 805 72 864 248
person 0.98 818 200 957 514
person 0.66 844 78 909 242
backpack 0.58 880 244 956 366
person 0.89 895 73 967 239
person 0.9 938 134 1166 740
person 0.27 991 105 1058 218
backpack 0.49 1034 347 1134 492
handbag 0.46 1034 347 1134 492
person 0.59 1048 69 1120 180
person 0.55 1058 107 1127 270
person 0.95 1123 63 1183 263
person 0.52 1173 66 1223 250
person 0.9 1193 73 1254 246
person 0.91 1243 72 1299 241
person 0.82 1304 201 1363 437
handbag 0.27 1328 265 1369 316
person 0.92 1341 175 1437 438
person 0.28 1348 134 1415 241
person 0.91 1418 185 1479 399
bench 0.26 1557 198 1648 239
person 0.96 1778 84 1845 240
person 0.87 1820 85 1883 243
person 0.65 1873 94 1918 264
