person 0.58 4 141 74 235
person 0.95 5 204 138 469
person 0.95 78 149 170 288
person 0.61 179 168 259 324
backpack 0.43 189 194 271 337
backpack 0.47 201 232 260 287
handbag 0.63 254 355 312 463
person 0.99 271 195 380 496
person 1.0 366 144 509 529
person 0.26 370 76 425 227
handbag 0.42 462 394 534 484
person 0.83 487 96 591 334
person 0.28 529 64 603 192
suitcase 0.36 537 333 608 439
handbag 0.32 545 350 604 440
person 0.99 595 188 687 447
person 0.83 616 54 689 219
handbag 0.57 755 104 803 169
person 0.98 757 68 824 261
person 0.25 811 96 865 259
person 0.99 817 198 961 519
person 0.85 844 91 910 269
backpack 0.6 879 250 957 361
person 0.76 905 78 963 241
person 0.97 977 120 1056 343
backpack 0.3 998 157 1047 224
person 0.98 1056 111 1133 356
person 0.75 1124 75 1180 251
person 0.92 1171 68 1223 246
person 0.97 1189 176 1308 541
person 0.69 1217 75 1268 228
backpack 0.27 1235 95 1274 152
person 0.6 1242 79 1296 221
person 1.0 1314 185 1428 513
handbag 0.47 1430 333 1471 390
person 1.0 1443 198 1545 519
person 1.0 1540 196 1666 535
person 0.97 1778 83 1845 240
person 0.75 1822 85 1881 240
person 0.5 1873 91 1920 267
