person 0.99 1 147 76 294
person 0.99 69 147 166 300
backpack 0.77 180 231 249 299
person 0.99 344 127 603 862
person 0.37 371 92 428 281
person 0.72 390 161 458 366
person 0.32 398 146 471 283
person 0.71 448 89 503 179
person 1.0 555 149 647 387
person 0.95 715 51 776 256
handbag 0.29 743 104 795 166
person 0.73 746 59 811 262
person 0.98 787 207 891 514
person 0.81 797 81 876 246
backpack 0.34 805 251 887 354
person 0.86 863 80 915 244
person 0.98 902 93 991 345
person 0.98 988 101 1059 346
handbag 0.28 1028 148 1062 211
person 0.98 1068 36 1127 259
handbag 0.52 1101 142 1154 180
person 0.72 1113 64 1175 249
person 0.96 1151 64 1211 253
person 0.99 1173 180 1290 533
person 0.35 1220 123 1295 249
person 0.57 1221 71 1287 190
handbag 0.35 1258 295 1293 373
person 0.44 1314 136 1352 247
handbag 0.69 1363 337 1400 389
person 1.0 1373 174 1482 543
handbag 0.36 1377 263 1398 301
handbag 0.33 1408 510 1534 575
handbag 0.38 1506 346 1545 401
person 0.92 1524 185 1618 536
handbag 0.84 1536 422 1651 527
person 0.93 1548 81 1620 226
person 1.0 1585 164 1725 598
person 0.96 1638 77 1711 218
person 0.92 1699 190 1801 534
handbag 0.34 1767 260 1845 361
backpack 0.86 1774 272 1847 363
