person 0.98 -3 147 86 297
person 0.56 3 35 85 170
backpack 0.43 15 60 104 156
backpack 0.42 45 78 93 143
person 0.49 74 149 162 288
person 0.86 97 175 217 425
person 0.68 100 45 185 208
backpack 0.68 184 229 247 304
person 0.99 326 42 416 283
person 0.98 454 65 525 300
person 1.0 549 112 643 334
backpack 0.81 551 145 595 217
handbag 0.3 605 237 642 289
person 0.98 648 66 726 244
person 0.64 755 58 850 319
handbag 0.53 758 180 798 236
person 0.7 788 143 858 346
person 0.97 820 182 937 528
backpack 0.7 856 245 938 357
person 0.85 860 76 921 233
person 0.59 901 79 964 246
person 0.98 924 123 1009 370
backpack 0.75 934 134 1007 250
person 0.39 943 79 1005 183
person 0.93 997 113 1067 326
person 0.63 1077 74 1130 245
person 0.95 1118 109 1182 326
person 1.0 1147 217 1333 609
person 0.92 1163 127 1230 307
person 0.38 1193 119 1254 259
person 0.54 1242 70 1304 231
person 0.99 1319 174 1420 530
person 0.29 1374 94 1428 215
handbag 0.34 1410 493 1532 575
person 0.99 1420 216 1536 540
person 0.99 1520 208 1600 511
handbag 0.94 1575 400 1675 493
person 0.6 1605 270 1663 396
person 0.98 1635 207 1761 548
person 0.43 1683 190 1806 536
person 0.98 1729 204 1842 517
backpack 0.82 1808 280 1862 366
