person 0.9 1 194 91 462
backpack 0.25 51 242 120 358
person 0.86 78 152 169 275
person 0.99 84 207 183 493
backpack 0.83 180 231 249 302
person 0.98 272 67 362 338
person 0.99 378 99 487 349
person 0.94 595 83 673 293
handbag 0.28 658 196 688 249
person 0.72 757 75 815 243
person 0.46 786 139 873 282
person 0.95 792 196 909 521
person 0.57 818 66 871 189
backpack 0.57 834 249 911 362
person 0.82 864 75 928 245
person 0.28 892 73 955 246
person 0.99 922 115 1006 383
backpack 0.41 929 171 981 240
backpack 0.47 937 134 1010 249
person 0.42 942 81 1008 178
person 0.83 1001 99 1065 369
person 0.96 1099 77 1159 271
person 1.0 1149 207 1327 622
person 0.95 1160 152 1231 287
person 0.71 1227 81 1289 217
person 0.87 1309 78 1378 238
person 1.0 1319 177 1422 528
person 0.64 1369 87 1425 223
person 0.98 1413 216 1534 541
person 1.0 1519 196 1619 528
person 0.55 1613 230 1670 416
handbag 0.8 1616 421 1702 521
person 0.96 1616 183 1765 572
person 0.95 1726 209 1837 547
backpack 0.7 1806 278 1857 369
