person 0.97 1 150 75 296
person 0.29 72 158 149 322
person 0.99 85 152 197 455
backpack 0.56 186 229 248 300
person 0.64 368 63 419 192
person 0.99 370 195 477 468
person 0.34 388 65 442 190
person 0.63 392 95 501 327
person 0.98 531 142 608 382
person 1.0 581 212 684 443
person 0.87 635 76 699 243
backpack 0.45 640 101 695 165
handbag 0.25 645 296 688 350
person 0.9 692 73 753 240
handbag 0.5 744 107 803 165
person 0.95 752 59 825 255
person 0.33 797 69 848 244
person 0.97 815 193 962 523
person 0.86 839 94 916 279
backpack 0.7 875 253 958 362
person 0.82 904 80 970 242
person 0.97 967 120 1048 339
person 0.83 1060 100 1121 327
person 0.91 1082 87 1173 346
person 0.63 1119 71 1181 252
backpack 0.3 1123 108 1175 266
person 0.25 1158 71 1214 244
handbag 0.29 1177 110 1221 186
person 0.96 1199 63 1270 256
person 0.86 1265 76 1325 245
person 0.96 1778 87 1843 238
person 0.96 1823 86 1886 242
person 0.33 1879 71 1919 252
