person 0.74 0 157 70 322
person 0.99 72 152 168 295
backpack 0.25 185 231 233 296
person 0.97 216 157 308 425
person 0.98 325 171 412 444
person 0.93 365 66 434 253
person 1.0 552 99 615 321
backpack 0.26 651 75 713 185
person 0.97 655 53 729 252
person 0.87 705 52 761 251
person 0.96 753 69 817 251
person 0.98 808 72 877 305
person 0.28 866 68 922 251
person 0.74 884 70 957 258
person 0.3 963 64 1038 188
person 0.96 967 108 1040 330
person 0.34 1038 65 1112 148
backpack 0.28 1044 133 1114 241
backpack 0.27 1047 87 1094 149
person 0.97 1051 115 1128 347
person 0.71 1114 82 1172 285
person 0.93 1151 73 1214 246
backpack 0.33 1184 103 1218 169
person 0.98 1213 65 1290 249
person 0.89 1281 102 1334 254
handbag 0.46 1503 398 1573 466
person 0.98 1505 80 1582 251
person 0.99 1541 200 1659 500
person 1.0 1732 222 1849 418
backpack 0.53 1755 262 1792 315
handbag 0.35 1755 262 1792 315
