person 0.83 1 186 43 461
person 0.78 3 150 75 291
person 0.99 82 108 189 368
person 1.0 204 167 319 475
person 0.69 360 74 410 249
person 0.77 403 91 463 271
handbag 0.25 456 151 483 181
person 0.99 483 88 562 321
person 0.91 548 51 609 245
person 0.82 602 61 657 248
person 0.91 635 90 699 319
person 0.28 661 75 721 243
person 0.84 691 63 745 236
person 0.94 746 68 813 248
handbag 0.46 753 100 803 168
person 0.99 805 76 878 296
person 0.65 866 76 932 250
person 0.88 915 72 975 248
person 0.99 949 95 1046 344
person 0.26 974 64 1015 146
person 0.54 1036 73 1107 239
person 0.98 1039 74 1135 363
person 0.52 1108 105 1169 265
person 0.89 1158 74 1215 277
person 0.83 1187 202 1289 415
person 0.9 1220 71 1289 248
person 0.95 1311 80 1392 241
handbag 0.25 1354 110 1393 163
person 1.0 1505 159 1610 363
person 0.99 1652 87 1706 242
person 0.99 1780 88 1853 242
person 0.64 1877 80 1923 278
