person 0.98 0 200 82 508
person 0.84 1 148 78 282
person 0.85 78 150 160 282
person 0.89 115 206 214 494
person 0.88 174 181 287 476
person 0.82 182 109 273 260
person 0.5 203 280 279 479
handbag 0.35 279 343 407 542
person 1.0 295 194 585 901
person 1.0 587 177 764 708
person 0.99 737 71 793 238
person 0.99 812 61 874 242
person 0.69 865 90 936 273
person 0.97 876 159 1007 563
backpack 0.59 877 118 927 187
person 0.3 919 78 975 231
person 0.68 950 80 1012 240
person 0.63 990 98 1046 256
person 0.99 1092 62 1162 256
person 0.93 1158 69 1223 248
person 0.98 1191 193 1355 617
person 0.93 1206 72 1269 244
person 0.76 1269 68 1329 202
person 0.99 1324 175 1420 532
person 0.99 1400 173 1497 539
handbag 0.48 1513 336 1547 395
person 1.0 1527 205 1638 544
handbag 0.61 1609 414 1675 540
person 0.99 1636 181 1755 574
handbag 0.39 1722 355 1774 428
person 0.94 1727 214 1836 542
backpack 0.67 1758 248 1850 363
backpack 0.39 1803 277 1849 368
