person 0.93 5 158 141 444
person 0.97 78 152 169 288
backpack 0.81 183 231 245 300
person 1.0 233 115 315 351
person 0.44 368 246 513 759
person 0.99 381 205 773 848
person 0.82 423 130 511 236
backpack 0.32 567 309 705 570
person 0.82 588 191 677 350
person 0.82 667 68 741 247
person 0.79 768 98 832 277
person 0.91 782 187 898 530
backpack 0.5 828 238 915 360
person 0.79 854 70 927 228
person 0.35 887 139 991 404
person 0.64 895 76 961 239
person 0.48 934 110 997 369
person 0.71 943 80 1002 244
backpack 0.26 944 167 994 244
person 0.73 998 121 1065 348
backpack 0.28 1024 144 1067 214
person 1.0 1129 195 1272 627
person 0.94 1161 80 1224 230
person 0.98 1224 84 1290 236
handbag 0.66 1294 337 1351 422
handbag 0.42 1298 304 1379 412
handbag 0.27 1301 217 1413 447
person 0.99 1316 192 1428 525
person 0.3 1376 85 1428 222
person 0.95 1406 215 1513 540
person 0.99 1505 195 1616 527
suitcase 0.51 1566 396 1662 525
handbag 0.87 1571 383 1674 518
person 0.99 1634 177 1757 551
person 0.6 1722 130 1777 245
person 0.94 1729 205 1837 515
backpack 0.86 1798 278 1871 366
