person 0.92 2 149 68 293
person 0.99 51 165 172 424
person 0.35 86 154 165 280
backpack 0.45 163 227 254 308
person 0.96 493 65 557 236
person 1.0 494 174 594 463
person 0.29 545 124 609 244
person 0.91 588 65 655 196
backpack 0.45 598 178 650 239
person 1.0 637 135 709 339
person 0.72 653 54 730 158
person 0.27 771 113 833 253
backpack 0.48 772 122 807 212
person 0.91 784 194 899 530
person 0.48 790 92 855 227
backpack 0.5 811 251 890 356
backpack 0.69 836 237 920 363
person 0.25 839 171 932 313
person 0.83 862 80 928 225
person 0.67 870 177 966 426
person 0.48 894 77 957 234
person 0.86 935 112 1002 373
person 0.79 1002 110 1060 359
person 1.0 1132 196 1277 631
person 0.97 1154 76 1229 252
person 0.95 1220 86 1292 228
handbag 0.7 1291 334 1353 424
person 0.99 1319 187 1424 529
person 0.4 1372 93 1431 219
person 0.99 1408 207 1511 547
handbag 0.38 1410 511 1528 574
person 0.99 1498 190 1617 537
person 0.51 1642 98 1709 208
handbag 0.89 1642 415 1739 512
person 0.92 1645 162 1760 563
person 0.95 1722 210 1840 546
backpack 0.77 1809 280 1862 369
