person 0.97 -2 150 73 292
person 0.99 64 149 168 298
backpack 0.81 179 230 250 301
person 1.0 663 136 740 362
backpack 0.51 775 129 813 204
person 0.94 790 182 906 523
backpack 0.35 804 233 884 363
person 0.57 804 97 865 222
person 0.67 833 182 946 480
backpack 0.55 838 235 918 367
handbag 0.26 838 235 918 367
person 0.45 863 82 920 222
person 0.92 882 172 968 464
person 0.43 894 82 955 229
person 0.46 939 80 1006 238
person 0.8 942 119 1004 359
person 0.86 997 107 1061 333
person 1.0 1130 189 1280 635
person 0.94 1159 73 1227 242
person 0.95 1219 86 1287 230
handbag 0.58 1301 333 1350 425
person 0.99 1318 188 1425 531
person 0.98 1405 210 1514 544
handbag 0.36 1410 511 1528 573
person 0.99 1497 187 1618 540
person 0.99 1505 73 1577 246
person 0.96 1649 173 1764 578
backpack 0.86 1749 243 1850 368
person 0.52 1866 84 1920 279
