person 0.31 0 155 46 277
person 0.98 16 170 122 441
handbag 0.58 83 333 157 435
person 0.97 86 148 169 291
backpack 0.56 185 232 246 299
handbag 0.28 358 414 427 462
person 0.99 363 64 470 479
person 0.94 513 170 574 429
person 0.99 536 206 646 442
handbag 0.26 591 248 654 342
person 0.98 609 84 683 281
handbag 0.28 620 307 654 359
person 0.85 715 51 764 245
handbag 0.56 752 104 802 165
person 0.96 757 47 817 257
person 0.88 797 64 848 241
person 0.95 815 182 963 532
person 0.75 825 71 925 308
person 0.28 851 84 914 233
backpack 0.76 874 249 957 363
person 0.81 903 77 964 243
person 0.43 954 89 1021 230
person 0.94 968 119 1048 342
backpack 0.33 992 148 1044 213
person 0.99 1049 77 1144 348
backpack 0.57 1099 142 1144 213
person 0.67 1115 84 1168 334
person 0.77 1151 68 1208 253
person 0.94 1197 69 1267 254
person 0.94 1263 77 1325 244
person 0.93 1780 91 1843 240
person 0.95 1813 86 1879 243
person 0.68 1877 93 1921 265
