person 0.95 -1 151 74 293
person 0.98 67 149 167 300
person 0.99 189 187 292 451
person 0.98 271 182 361 455
person 0.9 293 47 361 223
person 0.58 368 62 424 253
person 0.8 387 53 454 266
person 0.92 431 152 510 380
person 0.78 515 56 579 208
person 0.99 529 182 621 464
person 0.47 575 156 654 324
person 0.73 594 50 667 212
handbag 0.69 613 267 661 346
person 0.84 658 101 739 311
person 0.64 750 71 818 251
handbag 0.31 751 102 803 167
person 0.84 810 87 883 288
person 0.65 865 72 922 296
person 0.5 901 71 953 249
person 0.35 953 78 1016 239
person 0.95 960 101 1051 343
person 0.46 1047 72 1111 247
person 0.34 1058 122 1125 349
person 0.99 1060 210 1190 447
person 0.68 1103 83 1167 234
backpack 0.53 1150 253 1194 331
person 0.98 1163 68 1237 251
person 0.92 1221 61 1285 252
person 0.99 1330 196 1421 419
person 0.94 1431 175 1534 417
person 0.54 1451 150 1525 232
handbag 0.27 1490 231 1526 326
person 0.95 1707 89 1762 241
person 0.98 1775 88 1857 240
person 0.5 1875 87 1922 274
