person 0.98 1 149 77 293
person 0.99 72 149 165 296
person 0.97 160 160 288 438
person 0.98 297 88 393 337
person 0.32 362 77 419 239
person 0.75 394 102 468 325
person 0.93 419 99 527 388
person 0.25 511 46 573 162
person 0.28 513 65 577 252
person 0.95 541 168 647 414
person 0.83 554 54 634 204
person 0.28 584 58 657 238
person 0.98 648 48 725 256
handbag 0.54 754 105 806 166
person 0.97 757 68 831 257
person 0.95 823 75 922 307
person 0.89 889 192 998 509
person 0.51 908 78 967 230
backpack 0.4 934 248 1002 359
person 0.26 952 72 1010 186
person 0.86 977 112 1057 326
backpack 0.55 983 138 1060 239
person 0.97 1050 96 1147 344
backpack 0.3 1075 146 1124 212
person 0.55 1115 77 1178 242
person 0.93 1161 65 1222 241
person 0.93 1216 65 1289 245
person 0.96 1260 68 1323 249
person 1.0 1456 200 1598 607
person 0.99 1562 73 1631 255
person 1.0 1640 141 1781 637
person 0.91 1695 86 1751 224
person 0.98 1772 87 1857 235
person 0.7 1873 83 1923 276
