person 0.98 1 151 75 293
person 0.98 70 149 163 293
person 0.54 154 138 239 412
person 0.98 182 86 406 859
person 0.93 368 64 430 248
person 1.0 502 192 668 810
handbag 0.61 605 342 691 485
backpack 0.69 641 293 928 700
person 0.99 662 228 1106 1036
person 0.97 712 62 780 250
person 0.76 753 62 814 256
person 0.88 798 92 881 261
backpack 0.34 820 127 868 194
person 0.28 860 66 916 190
person 0.28 889 75 955 184
person 0.66 944 119 1015 311
person 0.58 962 59 1030 198
person 0.99 1020 98 1116 335
person 0.29 1054 64 1125 189
handbag 0.28 1083 131 1114 199
person 0.85 1111 73 1177 293
person 0.46 1142 68 1202 245
backpack 0.26 1161 102 1196 163
person 0.99 1196 78 1264 246
person 0.99 1281 72 1340 253
person 0.92 1515 207 1638 430
person 0.91 1577 94 1637 224
