person 0.71 1 157 78 267
person 0.96 2 217 114 535
person 0.94 75 151 165 284
backpack 0.75 182 231 246 303
person 0.93 258 158 399 501
person 0.47 289 81 398 345
person 0.27 363 69 430 185
person 0.97 383 140 480 417
person 0.49 438 54 508 206
person 0.98 490 152 569 390
person 0.48 496 56 557 192
person 0.62 537 91 612 211
person 0.7 545 43 630 160
person 0.95 553 156 645 403
person 0.92 665 74 741 236
person 0.99 678 189 771 471
handbag 0.7 750 340 794 407
person 0.76 751 65 821 252
person 0.77 811 86 887 276
person 0.99 826 178 938 478
person 0.71 900 88 964 235
person 0.38 966 64 1029 190
person 0.99 971 111 1042 353
person 0.46 1037 67 1102 184
person 1.0 1043 118 1140 365
person 0.76 1106 79 1165 243
person 0.99 1162 73 1231 249
person 0.98 1217 61 1290 252
person 0.88 1279 74 1340 252
person 0.99 1774 84 1858 239
person 0.41 1876 78 1923 285
