person 0.78 1 149 78 280
person 0.97 3 205 80 513
person 0.75 74 149 162 273
person 0.78 78 192 199 508
handbag 0.58 101 381 146 455
backpack 0.8 123 239 211 364
person 0.99 177 179 276 470
person 0.98 362 63 442 248
person 0.99 450 60 516 299
handbag 0.44 604 109 646 164
handbag 0.26 604 132 636 165
person 0.89 607 74 678 227
person 0.98 622 182 711 479
person 0.7 669 48 725 216
person 0.97 678 169 778 490
person 0.9 712 70 787 234
person 0.98 820 86 886 277
backpack 0.44 823 115 863 188
person 0.53 851 83 908 276
person 1.0 874 143 1022 584
person 0.49 875 77 922 247
person 0.73 894 76 947 237
person 0.96 945 79 1024 238
person 0.87 1012 80 1071 242
person 0.73 1045 87 1099 244
person 0.99 1188 196 1359 615
person 0.93 1225 87 1287 233
person 0.4 1300 176 1385 489
person 0.99 1325 182 1419 535
person 0.36 1349 97 1419 216
person 0.99 1403 187 1504 530
person 0.48 1490 294 1555 467
person 0.61 1490 223 1588 499
person 0.94 1505 72 1579 232
person 0.98 1525 219 1647 539
backpack 0.36 1567 281 1647 364
handbag 0.34 1567 281 1647 364
handbag 0.86 1578 406 1674 512
person 0.99 1632 208 1763 547
person 0.98 1734 205 1858 549
backpack 0.91 1810 279 1885 356
