person 0.99 1 150 76 292
person 1.0 70 145 166 292
backpack 0.58 95 226 342 541
person 1.0 127 14 516 1142
person 0.29 453 39 1288 262
person 0.98 485 48 547 260
person 0.85 549 59 608 259
person 0.75 585 75 643 287
person 0.64 604 58 662 259
person 0.92 652 53 710 244
person 0.62 709 69 764 236
person 0.95 751 62 821 258
person 0.97 774 199 928 560
handbag 0.27 781 190 922 536
handbag 0.33 797 332 894 435
person 0.57 803 80 867 244
handbag 0.29 827 398 977 615
suitcase 0.95 830 425 976 625
person 0.42 858 75 919 181
person 0.81 909 75 985 245
person 1.0 944 158 1114 668
person 0.54 966 112 1031 255
person 0.28 995 67 1042 149
person 0.29 1035 78 1077 157
person 0.26 1064 93 1127 276
person 0.66 1114 65 1175 266
person 0.87 1149 62 1207 258
person 0.98 1169 174 1279 541
person 0.93 1202 75 1268 239
handbag 0.51 1258 298 1294 369
person 0.98 1264 94 1331 288
handbag 0.46 1314 327 1358 397
person 1.0 1321 194 1447 513
person 0.85 1327 105 1385 259
person 0.36 1345 98 1405 232
handbag 0.54 1438 329 1479 400
person 1.0 1449 201 1570 527
person 0.99 1601 206 1716 543
cell phone 0.27 1624 247 1633 254
backpack 0.85 1663 250 1749 364
person 0.95 1779 85 1845 241
person 0.84 1819 84 1884 243
person 0.61 1872 92 1919 264
