person 0.98 -2 150 79 293
person 0.71 64 152 155 314
person 0.95 98 147 261 456
person 0.98 331 41 391 272
person 0.99 382 48 462 270
person 0.99 468 43 537 249
person 0.98 652 61 712 239
person 0.51 702 84 752 233
backpack 0.43 726 152 777 225
person 0.93 728 126 804 311
person 0.98 780 195 910 526
person 0.8 790 70 855 200
person 0.38 834 171 916 304
backpack 0.35 847 243 916 363
handbag 0.26 847 243 916 363
person 0.91 863 80 929 242
person 0.99 929 117 1009 375
person 0.34 942 79 1009 240
backpack 0.43 946 129 1015 250
backpack 0.84 953 170 1006 240
person 0.74 998 104 1060 362
person 0.92 1048 73 1104 248
person 1.0 1129 195 1275 627
person 0.83 1171 96 1225 203
person 0.93 1226 90 1290 224
handbag 0.35 1292 319 1345 410
person 1.0 1296 191 1423 517
person 0.44 1375 92 1429 219
person 1.0 1404 190 1510 524
handbag 0.44 1411 511 1528 575
person 0.98 1510 211 1650 543
handbag 0.93 1566 386 1678 493
person 0.98 1634 199 1767 559
person 0.58 1704 195 1792 527
person 0.97 1779 199 1873 501
