person 0.98 1 147 74 290
person 0.99 69 147 166 298
backpack 0.77 181 230 249 302
person 1.0 246 97 343 345
handbag 0.28 254 143 287 217
person 0.99 346 60 410 257
person 0.99 469 54 528 297
person 0.9 513 125 588 299
person 0.93 597 50 653 256
person 0.99 643 62 710 286
person 0.37 716 54 770 243
person 0.9 734 50 803 249
person 0.89 766 129 876 347
person 0.82 799 60 863 193
person 0.98 814 188 950 534
backpack 0.86 852 244 941 361
person 0.93 871 81 928 229
person 0.99 924 122 1009 362
backpack 0.51 932 137 1009 248
person 0.55 937 81 1006 177
person 0.93 996 105 1061 337
person 1.0 1146 210 1332 613
person 0.96 1188 61 1253 255
person 0.59 1243 87 1301 222
person 1.0 1321 179 1418 525
handbag 0.55 1409 511 1529 574
person 1.0 1426 219 1534 532
person 1.0 1530 189 1616 534
handbag 0.91 1596 393 1678 501
person 1.0 1618 194 1768 565
handbag 0.45 1726 295 1799 427
person 0.99 1763 193 1902 564
backpack 0.52 1853 272 1914 372
