person 0.98 -1 149 78 296
person 0.99 70 150 167 297
backpack 0.67 179 231 249 299
person 0.49 382 104 501 331
person 0.97 399 199 501 439
handbag 0.41 442 249 488 305
person 0.42 449 207 520 441
person 0.54 494 218 555 442
person 0.99 520 205 609 463
person 0.98 755 73 822 237
backpack 0.26 813 115 841 183
person 0.98 821 91 885 276
backpack 0.29 823 115 863 187
person 0.3 861 73 914 246
person 0.44 885 84 951 225
person 0.96 894 143 971 386
backpack 0.33 900 175 966 258
person 0.91 949 81 1025 244
person 0.93 962 180 1094 523
person 0.99 1022 147 1377 1039
person 0.81 1035 91 1099 208
person 0.52 1054 175 1130 258
person 0.37 1151 77 1198 140
person 0.33 1197 71 1271 172
person 0.82 1336 197 1419 521
person 0.99 1407 190 1512 534
person 0.99 1505 70 1574 260
person 1.0 1543 199 1651 523
handbag 0.75 1598 403 1674 492
person 0.99 1626 188 1767 561
person 0.98 1745 196 1858 529
backpack 0.6 1829 285 1876 375
