person 0.99 1 148 77 295
person 0.65 54 148 124 297
person 0.97 101 163 220 392
backpack 0.66 186 228 249 301
person 0.98 454 182 545 438
person 0.29 511 131 590 293
person 0.6 545 62 615 197
handbag 0.38 548 166 604 241
handbag 0.45 601 175 641 242
backpack 0.32 602 185 641 247
person 0.99 628 128 705 348
person 0.4 646 74 708 183
person 0.98 713 52 778 241
backpack 0.33 773 123 806 209
person 0.38 781 92 853 226
person 0.95 782 190 900 530
backpack 0.57 836 236 919 365
person 0.52 869 176 970 425
person 0.81 870 79 936 232
person 0.93 935 113 1002 370
person 0.29 940 82 1001 238
backpack 0.45 952 168 1001 239
person 0.92 1000 105 1059 365
person 1.0 1131 192 1278 631
person 0.94 1153 79 1226 246
person 0.95 1222 84 1293 236
handbag 0.74 1293 335 1352 423
person 0.99 1317 183 1424 532
person 0.97 1410 180 1508 538
person 1.0 1497 191 1612 537
handbag 0.97 1569 388 1675 506
person 0.98 1635 174 1756 551
person 0.45 1653 116 1719 210
person 0.95 1726 205 1840 514
backpack 0.81 1808 278 1859 371
