person 0.98 -1 147 79 297
person 0.86 72 149 170 292
handbag 0.45 94 272 178 370
person 0.89 108 207 217 495
person 0.99 184 96 292 336
person 0.95 260 180 366 467
person 0.83 279 120 384 372
backpack 0.41 349 180 391 263
person 0.99 434 189 526 469
backpack 0.97 637 270 827 498
person 0.77 657 195 897 640
person 0.98 659 78 729 243
handbag 0.72 684 415 887 807
handbag 0.3 695 305 1005 905
person 1.0 716 256 1128 1066
person 0.68 777 64 853 233
person 0.52 867 78 936 173
person 0.83 928 129 1007 291
person 0.4 938 79 1002 181
backpack 0.34 951 173 1005 238
person 0.91 992 117 1054 289
cell phone 0.94 1049 531 1095 548
person 1.0 1148 198 1323 629
person 0.91 1225 87 1288 221
person 1.0 1319 180 1419 523
person 0.99 1420 211 1544 542
person 0.28 1517 222 1574 491
person 0.97 1524 187 1619 531
person 0.99 1640 176 1761 582
handbag 0.73 1696 417 1788 507
person 0.99 1771 210 1899 553
backpack 0.54 1850 275 1913 370
