person 0.98 0 151 77 292
person 0.99 72 147 168 299
backpack 0.86 179 232 249 299
person 1.0 285 145 395 434
handbag 0.59 360 319 408 371
person 0.96 365 66 428 257
person 0.99 447 180 528 459
person 0.96 516 46 581 255
person 0.4 564 79 620 288
person 0.82 583 90 652 291
person 1.0 645 161 743 380
person 0.79 725 52 780 242
handbag 0.64 752 103 807 165
person 0.78 753 62 820 251
person 0.48 804 71 856 248
person 0.97 814 196 962 521
person 0.8 841 94 918 275
backpack 0.81 875 246 958 362
person 0.57 900 72 966 242
backpack 0.52 957 141 1027 222
person 0.93 976 112 1054 349
person 0.96 1049 91 1143 344
backpack 0.56 1074 146 1126 217
person 0.31 1101 108 1156 306
person 0.61 1115 76 1173 244
person 0.62 1159 62 1212 246
person 0.88 1200 61 1268 252
person 0.9 1253 79 1310 245
person 0.97 1603 195 1700 422
handbag 0.38 1648 284 1692 323
person 1.0 1711 222 1837 433
person 0.95 1799 87 1870 240
person 0.54 1872 70 1920 253
