person 0.96 1 147 76 296
person 1.0 71 150 166 298
backpack 0.52 180 230 248 299
person 0.72 401 107 472 312
person 0.93 424 139 528 406
person 1.0 522 192 613 463
person 1.0 717 166 1029 1032
backpack 0.44 754 106 804 160
person 0.95 755 68 824 230
person 0.28 857 71 936 170
person 0.88 945 78 1028 235
person 0.98 1005 154 1103 550
person 0.66 1024 87 1080 222
person 0.96 1161 76 1213 255
person 0.99 1204 195 1345 631
person 0.96 1210 79 1267 243
handbag 0.5 1227 360 1323 466
person 0.46 1241 86 1301 229
person 0.99 1330 187 1418 531
handbag 0.36 1407 499 1540 573
person 0.99 1410 197 1509 555
suitcase 0.31 1411 496 1533 574
person 0.99 1504 69 1575 260
person 0.99 1540 205 1641 510
handbag 0.62 1553 423 1669 504
suitcase 0.4 1557 389 1670 503
person 0.99 1640 189 1768 562
person 0.97 1740 192 1856 533
backpack 0.71 1814 280 1886 362
