person 0.99 16 170 129 467
person 0.82 82 154 163 279
person 0.39 119 34 1387 350
person 1.0 134 183 249 470
person 0.98 251 52 332 263
person 0.93 319 198 414 443
handbag 0.41 325 268 353 348
person 0.68 353 132 427 248
person 0.26 362 63 431 184
person 0.98 447 177 550 476
person 0.53 450 47 514 199
person 0.41 478 53 559 204
person 0.54 533 196 596 402
person 0.81 554 84 641 286
handbag 0.69 566 344 628 402
person 0.45 614 50 673 205
person 0.97 632 163 728 386
person 0.73 689 61 751 241
person 0.86 748 75 813 248
person 0.87 803 67 896 313
person 0.64 861 68 912 304
person 0.77 905 74 963 244
person 0.46 952 75 1011 243
person 0.87 969 116 1046 346
person 0.31 1015 58 1082 152
person 0.94 1033 197 1125 457
person 0.58 1058 125 1141 300
person 0.42 1107 105 1166 265
person 0.97 1165 66 1238 254
person 0.96 1221 56 1287 257
person 0.99 1386 207 1492 439
person 0.97 1477 79 1536 242
person 0.93 1491 197 1589 436
person 0.96 1572 163 1649 360
person 0.97 1707 89 1761 241
person 0.99 1773 87 1857 242
backpack 0.3 1804 101 1855 164
person 0.72 1872 85 1922 275
