person 1.0 8 169 111 484
person 0.63 84 152 160 274
person 0.99 94 194 230 584
handbag 0.89 160 416 264 535
person 0.99 217 173 312 420
person 0.77 358 75 430 235
person 0.99 394 161 487 427
person 0.98 455 56 528 254
person 0.99 531 49 609 270
handbag 0.34 570 121 611 170
person 0.92 590 65 651 243
handbag 0.39 605 172 647 244
person 0.98 649 55 725 248
person 0.94 715 62 778 241
handbag 0.27 747 89 798 159
person 0.58 757 73 820 243
person 0.96 794 67 887 308
person 0.44 863 72 915 251
person 0.77 906 95 966 257
person 0.33 946 66 1011 190
person 0.97 964 120 1044 339
person 0.97 1042 85 1138 359
person 0.54 1109 83 1168 239
person 0.98 1163 67 1227 246
person 0.96 1222 168 1292 380
person 0.85 1227 63 1284 202
person 0.99 1387 107 1450 332
person 0.97 1502 85 1567 250
person 0.97 1559 88 1625 241
person 0.99 1778 86 1855 237
person 0.65 1873 63 1921 260
