person 0.98 6 190 111 454
person 0.99 78 150 170 293
person 0.64 187 216 249 427
person 0.99 209 182 331 458
person 0.48 364 73 430 227
person 0.96 364 189 475 460
person 0.8 433 171 546 467
person 0.36 435 116 504 312
person 0.42 501 128 558 356
person 0.94 603 86 669 286
person 0.94 690 70 752 246
handbag 0.43 747 105 801 162
person 0.91 756 68 822 256
person 0.33 809 75 875 251
person 0.97 815 202 962 524
person 0.82 830 89 907 263
backpack 0.71 857 252 948 355
person 0.84 895 82 967 244
person 0.43 956 69 1010 193
person 0.96 977 118 1056 348
backpack 0.61 979 145 1057 238
person 0.42 1001 82 1044 154
person 0.97 1058 109 1135 357
person 1.0 1120 185 1274 631
person 0.79 1124 73 1180 247
person 0.68 1161 70 1223 235
handbag 0.43 1177 328 1273 439
backpack 0.39 1177 328 1273 439
person 0.32 1221 182 1285 364
person 0.78 1239 70 1304 244
handbag 0.7 1423 318 1468 377
person 0.99 1431 206 1532 488
person 0.99 1549 195 1674 477
person 1.0 1743 218 1884 429
backpack 0.46 1761 262 1808 314
handbag 0.4 1762 250 1811 313
person 0.97 1779 85 1845 238
person 0.8 1824 85 1884 234
person 0.36 1879 90 1920 270
