person 0.97 1 152 73 292
person 0.99 66 147 161 300
person 0.99 137 183 252 448
backpack 0.5 208 227 254 303
person 1.0 241 164 345 443
person 0.99 585 117 645 345
person 0.83 756 83 823 271
person 0.98 794 200 899 520
person 0.79 807 101 877 258
backpack 0.5 811 252 892 353
person 0.77 865 86 920 242
person 0.95 912 97 997 373
person 0.53 950 78 1010 237
person 0.33 987 59 1020 123
person 0.95 1002 100 1075 337
person 0.66 1014 71 1086 244
person 0.58 1057 65 1107 242
person 0.88 1121 94 1192 276
person 1.0 1145 213 1330 610
person 0.97 1222 80 1289 229
person 0.95 1293 90 1346 237
person 0.99 1321 181 1420 525
handbag 0.46 1410 511 1531 573
person 1.0 1426 214 1536 540
person 0.99 1535 198 1627 526
handbag 0.95 1558 394 1667 492
person 0.58 1577 182 1638 297
person 0.99 1621 187 1760 564
person 0.99 1761 205 1898 547
person 0.28 1870 271 1917 439
