person 0.99 1 149 75 294
person 0.99 67 148 164 298
handbag 0.91 155 389 232 485
person 0.48 159 149 222 291
person 0.99 171 191 310 558
person 0.27 175 71 286 294
person 0.71 196 69 283 198
backpack 0.38 240 99 286 165
person 0.95 299 176 394 413
person 0.55 364 71 429 227
handbag 0.63 401 308 491 410
person 0.99 414 167 564 542
handbag 0.3 421 172 550 498
suitcase 0.33 495 390 569 493
handbag 0.3 495 390 569 493
person 0.98 532 73 593 330
suitcase 0.98 625 374 709 507
person 0.99 647 46 709 249
backpack 0.27 677 102 719 162
person 1.0 684 179 809 518
person 0.27 719 58 768 201
backpack 0.29 748 103 802 164
person 0.82 756 66 824 238
person 0.28 802 77 862 240
person 0.98 822 190 960 526
person 0.5 840 86 907 270
backpack 0.41 883 243 959 361
person 0.82 899 78 963 237
person 0.88 957 50 1018 249
person 0.98 976 120 1054 345
backpack 0.27 993 141 1068 233
person 0.93 1050 86 1138 345
person 0.35 1054 75 1115 186
person 0.84 1114 79 1180 295
person 0.97 1169 182 1281 531
person 0.89 1169 70 1231 247
person 0.91 1216 72 1281 238
person 0.42 1243 75 1298 234
handbag 0.28 1257 299 1292 368
person 1.0 1327 186 1463 515
person 1.0 1446 192 1575 524
handbag 0.25 1453 335 1492 391
person 0.99 1601 204 1715 548
backpack 0.71 1668 252 1752 363
person 0.93 1778 84 1839 244
person 0.81 1819 87 1883 244
person 0.6 1873 91 1919 266
