person 0.99 11 194 164 443
person 0.98 91 150 170 292
handbag 0.31 95 292 151 351
person 1.0 193 171 349 540
person 0.97 371 56 428 261
person 0.99 439 165 542 501
person 0.78 518 119 580 364
person 0.99 644 72 708 236
person 0.65 716 68 775 239
person 0.96 744 70 810 246
handbag 0.27 753 106 803 166
person 0.97 787 211 889 512
person 0.9 801 86 877 264
backpack 0.54 805 252 888 354
person 0.7 866 73 919 250
person 0.92 912 77 967 273
person 0.98 952 126 1029 369
backpack 0.42 965 171 1022 240
person 0.95 1053 114 1119 351
person 0.28 1102 67 1156 242
person 0.85 1119 141 1194 357
person 0.64 1161 71 1220 188
person 0.98 1162 185 1283 535
person 0.59 1219 63 1278 204
handbag 0.41 1255 298 1292 372
person 0.91 1265 97 1333 281
person 0.43 1316 100 1380 280
person 1.0 1346 203 1466 569
person 0.59 1355 108 1419 265
person 0.46 1422 96 1490 212
handbag 0.94 1422 399 1524 530
person 0.57 1448 204 1506 394
handbag 0.36 1505 343 1549 404
person 0.79 1514 191 1604 530
handbag 0.86 1545 406 1612 537
person 1.0 1570 171 1707 598
handbag 0.43 1672 277 1735 440
person 0.92 1679 80 1733 227
person 1.0 1691 202 1825 558
person 0.95 1725 82 1796 234
backpack 0.91 1774 276 1850 358
person 0.36 1874 54 1920 265
