person 0.97 -1 150 78 293
person 0.98 71 151 171 296
person 0.68 174 175 278 470
person 0.4 179 177 262 303
person 0.84 183 134 266 241
person 1.0 228 108 497 838
person 0.74 262 156 317 227
person 0.55 354 40 444 149
person 0.85 407 121 485 288
person 0.99 436 148 610 803
person 0.93 468 84 537 217
handbag 0.85 540 338 637 492
person 0.99 553 49 623 265
person 0.55 610 71 663 238
handbag 0.38 648 122 690 175
person 0.98 653 34 734 266
handbag 0.56 756 103 807 171
person 0.98 759 71 827 250
person 0.93 810 79 883 291
person 0.47 855 93 913 263
person 1.0 906 99 1000 344
backpack 0.5 923 148 979 216
person 0.3 969 69 1030 188
person 0.98 1004 83 1081 338
person 0.37 1060 72 1108 292
person 0.99 1108 69 1177 307
person 0.75 1187 185 1319 580
person 1.0 1190 74 1261 251
person 1.0 1222 222 1479 622
person 0.95 1280 72 1337 218
backpack 0.58 1281 295 1380 428
person 0.99 1546 191 1634 406
backpack 0.59 1577 103 1627 166
person 0.97 1587 77 1656 234
person 0.99 1702 125 1778 318
person 0.71 1846 177 1918 366
