person 0.81 2 151 76 280
person 0.99 3 205 79 505
person 0.54 76 181 179 487
person 0.73 78 150 162 277
person 0.86 115 204 222 492
backpack 0.52 132 240 212 362
person 0.98 174 178 272 485
person 0.98 350 73 445 309
handbag 0.6 374 298 475 464
person 1.0 407 191 584 697
person 1.0 561 146 701 582
person 0.98 817 76 874 235
person 0.67 861 92 934 225
person 0.99 871 185 1024 563
backpack 0.47 878 119 920 184
person 0.55 914 84 973 228
person 0.69 945 80 1004 238
person 0.94 987 80 1049 247
person 0.99 1051 68 1116 241
person 0.99 1123 169 1219 439
person 1.0 1194 203 1349 617
person 0.94 1205 76 1276 243
person 0.82 1268 72 1332 229
person 0.99 1326 194 1420 519
person 0.99 1402 185 1501 524
handbag 0.3 1410 511 1529 574
handbag 0.4 1514 332 1547 400
person 1.0 1530 204 1645 517
handbag 0.69 1603 415 1697 534
person 0.98 1639 187 1752 520
handbag 0.59 1712 354 1767 432
person 0.95 1729 201 1838 516
backpack 0.39 1759 252 1847 361
backpack 0.32 1802 278 1848 368
