person 0.98 1 148 75 295
person 0.67 53 146 119 298
person 0.44 76 148 149 290
person 0.95 76 137 202 512
backpack 0.26 184 231 237 300
person 0.96 226 111 286 355
person 0.98 395 82 469 331
person 0.99 471 102 568 338
person 1.0 651 72 725 243
handbag 0.44 758 120 806 179
person 0.87 758 75 827 242
person 0.98 791 200 896 520
person 0.66 800 101 876 259
backpack 0.71 806 250 893 355
person 0.94 866 73 928 245
person 0.61 907 71 976 243
person 0.99 923 124 1005 372
person 0.87 1000 90 1086 353
backpack 0.27 1054 146 1093 212
person 0.79 1103 86 1175 233
person 1.0 1105 164 1258 618
person 0.36 1199 86 1259 231
person 0.37 1214 98 1282 264
person 0.66 1248 93 1308 264
person 0.86 1299 77 1358 245
person 0.98 1363 195 1457 504
backpack 0.44 1384 129 1428 190
person 0.78 1402 99 1482 223
person 0.98 1420 212 1540 543
person 0.4 1444 126 1515 243
person 1.0 1529 197 1644 529
handbag 0.48 1593 403 1636 497
person 0.57 1600 132 1685 247
person 1.0 1604 171 1751 598
handbag 0.7 1704 264 1780 438
