person 0.99 -1 152 77 294
person 0.99 74 148 168 298
person 0.98 189 166 305 477
person 0.88 256 117 330 315
handbag 0.27 266 364 313 419
person 0.56 358 117 425 356
person 0.99 379 142 512 465
person 0.87 453 41 519 254
person 0.98 560 90 638 335
person 0.34 599 60 664 250
person 0.97 659 46 735 256
person 1.0 696 122 896 823
person 0.27 724 269 872 615
handbag 0.27 748 102 804 168
person 0.63 751 67 828 237
person 0.86 833 73 909 250
person 0.97 867 175 963 535
backpack 0.37 891 244 959 363
person 0.81 897 79 976 239
person 0.97 980 127 1051 338
person 0.99 1056 119 1127 350
person 0.88 1117 84 1179 285
person 0.47 1169 70 1215 247
person 0.95 1205 96 1275 309
person 0.94 1264 185 1347 373
person 0.91 1335 130 1414 240
person 1.0 1339 182 1450 433
person 1.0 1446 224 1742 713
backpack 0.97 1480 290 1610 471
person 0.96 1778 85 1847 240
person 0.84 1817 86 1880 241
person 0.79 1872 98 1919 262
