person 0.88 1 153 74 289
person 0.99 62 200 224 580
person 0.73 83 156 165 271
backpack 0.61 179 225 262 309
person 0.74 369 77 426 234
person 0.95 396 191 486 450
person 0.26 396 66 457 243
person 0.91 430 46 498 256
person 0.99 484 206 590 451
person 0.83 489 99 554 259
person 0.51 549 66 610 197
person 0.34 558 151 636 331
person 0.29 562 43 621 152
person 0.28 575 82 669 344
person 0.44 608 94 678 270
person 0.36 630 57 663 125
person 0.96 653 42 729 258
person 0.97 722 166 813 447
person 0.79 752 74 814 243
person 0.77 806 66 893 315
person 0.9 897 93 960 263
person 0.98 963 104 1035 338
person 0.33 976 65 1023 143
backpack 0.36 996 153 1042 224
person 0.95 1034 95 1132 345
person 0.27 1041 65 1110 190
person 0.52 1110 86 1168 281
person 0.93 1157 71 1216 246
person 0.95 1209 69 1290 247
person 0.91 1274 73 1337 252
person 0.99 1656 95 1736 257
person 0.99 1783 79 1851 243
backpack 0.4 1807 101 1853 162
person 0.72 1880 82 1923 279
