person 0.98 1 148 77 294
person 0.99 6 226 284 873
person 0.98 71 150 163 294
person 0.99 159 148 259 384
person 0.99 420 157 502 424
person 0.42 508 153 587 328
person 0.66 587 66 650 236
backpack 0.29 593 198 628 268
person 0.97 608 151 686 369
person 0.96 684 66 745 236
person 0.65 766 104 816 263
person 0.94 781 185 903 535
backpack 0.5 835 237 918 363
person 0.82 870 84 937 234
person 0.52 872 167 971 429
person 0.89 934 114 1001 368
person 0.29 939 84 1004 235
person 0.89 1000 104 1061 338
person 1.0 1129 197 1275 631
person 0.95 1152 79 1223 242
person 0.95 1221 85 1292 238
handbag 0.75 1295 337 1351 421
person 0.98 1317 188 1425 530
person 0.45 1373 94 1431 220
person 0.99 1406 202 1510 549
handbag 0.33 1411 511 1528 575
person 0.99 1500 189 1621 540
handbag 0.6 1613 415 1664 505
person 0.99 1633 175 1756 552
person 0.55 1677 113 1745 213
person 0.97 1729 201 1837 518
backpack 0.82 1808 279 1859 371
