person 0.64 4 161 71 261
person 0.96 6 194 87 453
person 0.98 63 171 182 467
person 0.27 73 154 117 228
person 0.26 84 152 157 234
person 0.98 197 103 432 859
handbag 0.72 206 205 423 675
person 0.34 219 90 305 212
handbag 0.35 223 434 408 613
person 0.98 382 64 458 251
person 0.95 441 194 687 800
person 0.97 449 46 529 257
handbag 0.65 486 84 536 157
handbag 0.97 550 311 686 497
person 0.88 688 45 748 251
person 0.96 748 67 815 255
person 0.94 806 79 879 292
backpack 0.36 830 126 872 195
person 0.4 869 89 920 267
person 0.41 890 88 956 239
backpack 0.33 893 119 957 249
person 0.95 925 90 1010 348
backpack 0.49 927 146 983 217
person 0.32 946 70 984 139
person 0.42 974 70 1023 143
person 0.99 1005 84 1086 338
person 0.39 1061 82 1115 238
person 0.97 1104 80 1175 290
handbag 0.32 1157 201 1196 245
person 0.86 1170 100 1237 272
person 0.46 1215 83 1267 243
person 0.99 1272 64 1343 254
person 0.97 1663 210 1831 568
person 1.0 1689 93 1769 283
person 0.91 1788 231 1918 597
backpack 0.59 1805 325 1904 429
person 0.79 1817 141 1881 296
