person 0.96 1 151 76 294
person 0.55 51 145 118 300
person 0.34 58 29 1281 347
person 1.0 90 178 241 457
person 0.99 203 185 324 462
person 0.76 259 37 327 258
person 0.75 362 60 420 242
person 0.96 383 160 492 419
person 0.77 435 37 506 217
person 0.98 480 189 592 455
person 0.82 502 52 571 212
person 0.74 530 172 631 434
person 0.81 587 65 658 253
handbag 0.69 595 320 654 369
person 0.26 637 52 700 204
person 0.87 656 120 735 348
person 0.73 700 44 772 252
handbag 0.42 748 102 803 164
person 0.73 752 64 824 254
person 0.94 797 66 894 309
person 0.67 860 58 915 308
person 0.68 905 66 960 252
person 0.31 950 79 1015 238
person 0.8 969 115 1046 348
person 0.31 1018 64 1094 192
person 0.99 1049 188 1152 455
person 0.41 1102 84 1168 229
person 0.97 1166 65 1236 251
person 0.92 1222 58 1285 256
person 0.98 1362 202 1437 432
person 0.97 1406 82 1474 235
person 0.94 1497 191 1564 412
person 0.47 1532 154 1580 235
person 0.97 1708 88 1762 242
person 0.98 1774 89 1856 239
person 0.43 1875 87 1922 274
