person 0.99 1 151 73 293
person 0.99 69 148 158 297
person 0.98 145 143 271 390
person 0.97 309 64 390 264
person 0.99 386 100 460 324
person 1.0 515 50 584 244
handbag 0.26 573 122 614 176
person 0.92 591 69 658 251
person 0.99 677 54 753 255
person 0.84 747 56 806 245
person 0.4 767 146 886 348
person 0.71 794 68 852 185
person 0.98 810 185 947 530
backpack 0.84 853 243 940 358
person 0.93 873 79 933 234
person 0.98 925 118 1005 366
backpack 0.46 935 133 1003 250
person 0.68 941 78 1000 177
person 0.98 997 101 1061 359
person 0.99 1059 72 1126 239
person 1.0 1148 211 1333 611
person 0.98 1199 71 1276 248
person 0.99 1320 162 1421 534
person 0.47 1384 95 1424 201
person 1.0 1426 227 1543 529
person 0.94 1523 207 1597 511
person 1.0 1649 174 1763 593
handbag 0.83 1679 409 1776 518
handbag 0.55 1715 298 1797 419
person 0.99 1770 206 1900 555
backpack 0.51 1853 273 1913 374
