person 0.99 -1 148 79 295
person 0.98 70 148 167 298
person 0.88 137 193 234 474
person 0.98 215 188 343 524
person 0.95 321 182 419 489
person 0.97 757 72 824 239
person 0.92 823 103 884 271
backpack 0.36 825 115 870 185
person 0.86 850 91 912 274
person 0.99 883 157 1011 572
person 0.45 906 84 962 227
person 0.91 955 84 1022 237
person 0.74 1011 78 1066 234
person 0.98 1023 154 1114 439
person 0.96 1091 85 1148 265
person 0.87 1163 161 1221 327
person 1.0 1179 188 1330 628
person 0.96 1226 88 1288 233
person 0.99 1325 175 1426 537
person 0.64 1349 158 1420 260
handbag 0.3 1410 514 1530 573
person 0.98 1420 186 1522 538
person 0.98 1506 75 1575 245
person 1.0 1516 182 1631 543
handbag 0.91 1596 390 1680 503
person 0.96 1635 195 1766 557
person 0.97 1739 191 1862 534
backpack 0.58 1805 278 1886 361
