person 1.0 -12 129 297 1026
person 0.97 193 116 297 346
person 0.97 460 75 523 294
person 0.82 502 140 576 336
person 0.99 571 145 668 447
handbag 0.28 594 209 667 329
person 0.98 754 74 819 237
backpack 0.55 814 115 841 182
backpack 0.39 821 116 865 185
person 0.97 823 102 882 272
person 0.56 845 95 905 259
person 0.58 868 76 920 249
backpack 0.45 892 188 956 258
person 0.99 893 140 969 394
person 0.92 946 81 1028 238
person 0.99 971 184 1088 512
person 0.57 1038 128 1101 253
backpack 0.51 1067 266 1113 350
person 0.97 1156 76 1213 254
person 1.0 1178 195 1338 616
person 0.97 1221 85 1290 238
person 0.99 1327 184 1421 533
handbag 0.29 1405 499 1537 575
person 1.0 1407 183 1512 536
person 0.99 1505 71 1575 261
handbag 0.27 1526 344 1566 401
person 1.0 1532 204 1651 548
handbag 0.9 1620 409 1732 520
person 0.94 1634 179 1752 583
handbag 0.61 1709 296 1786 427
person 0.99 1735 205 1864 552
backpack 0.95 1813 276 1886 364
