person 0.98 -1 147 76 294
person 0.89 -1 199 162 1018
person 0.99 69 148 167 299
backpack 0.79 178 229 249 301
person 0.99 261 79 353 315
person 0.36 492 69 559 188
person 0.78 499 77 566 299
person 0.98 578 127 672 456
handbag 0.27 589 194 666 346
person 0.98 754 75 820 238
backpack 0.48 812 120 842 179
backpack 0.26 823 117 862 185
person 0.96 823 94 882 274
person 0.61 869 75 923 246
person 0.91 887 152 959 391
backpack 0.26 893 188 954 257
handbag 0.29 894 206 952 259
person 0.99 923 184 1034 522
person 0.94 941 76 1021 231
person 0.54 1003 125 1078 242
person 1.0 1023 189 1109 513
person 0.97 1153 75 1213 257
person 1.0 1177 186 1338 628
person 0.96 1219 86 1290 238
person 1.0 1326 183 1423 536
suitcase 0.29 1408 493 1534 577
handbag 0.39 1409 510 1528 574
person 0.99 1410 191 1511 530
person 0.99 1508 70 1577 259
person 1.0 1521 201 1649 530
handbag 0.75 1576 392 1652 509
person 1.0 1627 179 1749 576
handbag 0.47 1711 302 1783 425
person 0.99 1733 204 1857 553
backpack 0.92 1812 279 1881 366
