person 0.98 -2 149 78 290
person 0.99 66 148 167 300
backpack 0.68 182 230 241 301
backpack 0.26 200 251 360 582
person 0.97 203 124 438 818
person 0.95 369 47 479 330
handbag 0.36 404 122 478 236
backpack 0.26 404 122 478 236
person 0.98 480 202 665 793
person 0.81 563 54 622 241
person 0.99 597 37 665 257
handbag 0.95 620 314 709 503
person 0.96 699 78 758 243
backpack 0.44 736 108 793 166
person 0.85 748 68 816 253
person 0.98 804 71 877 296
person 0.84 900 89 957 263
person 0.97 946 110 1018 332
person 0.42 978 69 1024 144
person 0.97 1032 80 1118 336
backpack 0.33 1048 110 1118 263
person 0.87 1115 80 1184 284
handbag 0.36 1153 167 1199 243
person 0.99 1197 74 1271 253
person 0.93 1352 71 1414 245
person 0.99 1400 71 1468 249
person 0.35 1875 48 1922 269
