person 0.98 0 142 80 297
person 0.99 76 147 169 299
backpack 0.83 183 232 247 297
person 0.99 242 178 343 434
person 1.0 326 176 460 470
person 0.55 375 132 457 300
person 1.0 655 59 731 250
person 0.98 749 67 819 260
person 0.96 791 206 898 519
person 0.73 800 81 871 245
backpack 0.54 806 253 887 355
person 1.0 814 166 1177 882
person 0.93 860 74 917 250
person 0.99 909 75 994 349
person 0.82 995 112 1069 247
person 0.82 1039 50 1106 166
person 0.82 1120 73 1185 231
person 0.7 1169 69 1226 236
person 0.99 1169 185 1285 529
person 0.92 1208 66 1281 244
handbag 0.46 1259 300 1293 371
person 0.96 1307 166 1391 358
handbag 0.59 1371 335 1418 390
person 0.99 1374 191 1509 534
handbag 0.42 1525 352 1569 409
person 0.96 1532 177 1634 549
person 0.84 1540 88 1621 235
person 0.91 1574 190 1725 571
handbag 0.75 1598 414 1688 523
person 0.88 1619 112 1694 215
person 0.94 1683 218 1818 540
handbag 0.66 1687 288 1767 425
person 0.31 1798 244 1878 405
backpack 0.31 1800 236 1880 369
person 0.74 1803 201 1909 457
person 0.72 1868 200 1920 460
