handbag 0.44 1 251 69 353
person 0.58 4 159 73 254
person 0.99 4 197 89 515
person 0.77 80 149 161 270
backpack 0.69 91 232 171 372
person 0.85 115 201 216 495
backpack 0.44 126 234 210 370
person 1.0 174 179 270 481
person 0.98 344 60 722 1094
person 0.76 514 58 567 130
person 0.97 579 70 648 251
person 0.99 749 62 812 238
person 0.75 872 97 929 262
person 0.97 879 150 1007 575
backpack 0.51 882 129 930 193
person 0.64 892 90 956 268
person 0.81 953 78 1012 242
person 0.45 988 87 1039 264
backpack 0.43 1007 115 1047 181
person 1.0 1049 56 1111 248
person 1.0 1173 197 1334 623
person 0.98 1200 73 1273 245
person 0.91 1273 64 1334 203
person 0.99 1329 188 1432 533
suitcase 0.26 1407 494 1536 575
person 1.0 1411 215 1541 547
person 0.71 1452 166 1522 259
person 1.0 1530 201 1629 510
handbag 0.94 1546 404 1653 537
person 1.0 1625 186 1770 576
person 0.91 1731 206 1829 548
backpack 0.44 1760 243 1845 366
handbag 0.37 1760 243 1845 366
