person 0.96 0 151 72 291
person 0.99 72 147 169 301
backpack 0.82 181 231 246 299
person 1.0 225 148 315 408
person 0.99 340 159 427 419
person 0.99 604 84 667 304
person 0.88 754 78 835 248
person 0.98 794 206 899 518
backpack 0.47 808 253 889 355
person 0.66 811 99 879 256
person 0.9 862 94 920 255
person 0.98 922 107 1001 383
backpack 0.48 933 140 998 245
person 0.52 941 76 1000 182
person 0.98 993 102 1073 341
person 0.42 1002 64 1050 145
person 0.79 1080 55 1134 250
person 0.98 1100 49 1156 270
person 0.86 1121 75 1179 276
person 0.48 1146 81 1200 245
person 1.0 1147 206 1330 611
person 0.98 1226 84 1283 221
person 0.89 1294 95 1343 234
person 1.0 1321 178 1423 527
person 1.0 1426 192 1533 557
person 0.33 1479 157 1541 233
person 1.0 1536 195 1641 529
person 0.73 1568 164 1639 264
handbag 0.81 1593 407 1683 515
person 0.98 1636 168 1760 558
person 0.98 1761 206 1893 547
person 0.35 1853 199 1915 403
