person 0.98 -2 192 123 457
person 0.58 4 154 77 285
person 0.99 75 147 169 298
backpack 0.76 181 230 248 298
person 0.99 376 110 474 326
handbag 0.62 436 151 481 207
person 0.99 479 166 570 493
person 0.92 498 81 562 237
person 0.77 549 100 612 216
person 0.99 553 143 669 522
backpack 0.66 609 229 678 325
person 0.93 733 67 804 256
person 0.99 791 209 890 515
person 0.83 800 86 870 238
backpack 0.41 805 249 887 354
person 0.95 867 75 930 249
person 0.99 932 110 1002 379
person 0.41 938 77 1009 236
backpack 0.57 972 174 1012 234
handbag 0.37 972 174 1012 234
person 0.97 1009 88 1081 346
handbag 0.43 1110 139 1157 191
handbag 0.29 1116 107 1168 195
person 0.94 1136 60 1208 260
person 1.0 1143 208 1324 617
person 0.96 1201 68 1281 255
person 0.79 1278 106 1336 250
person 1.0 1314 175 1425 530
handbag 0.31 1412 509 1529 575
person 1.0 1429 207 1539 545
person 0.99 1534 192 1639 531
handbag 0.87 1572 380 1680 497
person 0.99 1607 188 1771 563
person 0.98 1675 83 1750 227
person 0.98 1759 203 1902 557
backpack 0.72 1851 271 1917 369
