person 0.38 1 149 80 280
handbag 0.25 2 191 55 249
person 0.97 7 192 102 507
person 0.94 74 150 168 284
backpack 0.62 181 230 248 300
person 0.98 742 79 810 279
person 0.99 790 209 895 516
person 0.42 800 72 835 138
backpack 0.37 804 254 891 353
person 0.78 804 94 869 262
person 0.85 866 72 925 244
person 0.96 924 118 1002 372
backpack 0.26 944 126 1011 245
person 0.35 945 79 1007 180
person 0.85 995 104 1066 339
person 0.89 1054 88 1105 239
person 0.67 1135 188 1215 408
person 1.0 1141 204 1326 620
person 0.94 1224 82 1286 221
person 0.84 1294 107 1360 261
person 1.0 1319 182 1423 520
person 0.71 1347 90 1414 231
handbag 0.36 1410 495 1535 575
person 1.0 1419 215 1540 538
person 0.92 1422 100 1490 267
person 0.98 1524 197 1626 525
handbag 0.93 1572 367 1652 469
person 0.99 1619 166 1752 586
person 0.99 1760 199 1895 563
backpack 0.79 1849 273 1916 372
