person 0.98 -1 147 76 290
person 0.99 67 148 168 298
backpack 0.66 178 230 251 300
person 0.99 657 75 716 238
person 0.86 713 77 774 244
person 0.76 752 83 805 239
person 0.92 769 164 871 505
person 0.59 805 94 866 223
person 0.95 816 203 929 510
person 0.5 831 69 873 139
backpack 0.91 841 249 925 363
person 0.97 867 79 935 240
person 0.57 912 220 994 439
person 0.96 941 77 1009 249
handbag 0.33 950 261 995 324
person 0.97 993 121 1101 417
person 1.0 1133 189 1275 637
person 0.97 1150 78 1209 250
person 0.93 1219 86 1291 225
handbag 0.47 1301 333 1349 425
person 0.99 1316 190 1429 522
person 0.97 1402 189 1516 528
handbag 0.42 1409 513 1528 573
person 0.98 1504 73 1573 247
person 1.0 1504 197 1647 533
handbag 0.71 1596 391 1678 497
person 0.96 1623 196 1779 558
handbag 0.51 1727 342 1801 425
person 0.98 1759 199 1893 557
backpack 0.61 1846 273 1913 364
