person 0.68 -3 168 39 535
person 0.94 18 193 125 502
person 0.91 89 181 186 480
backpack 0.28 186 229 241 300
person 0.99 258 174 421 529
backpack 0.32 293 235 392 357
person 0.42 369 61 418 242
person 0.99 387 146 508 498
person 0.69 440 112 504 247
person 0.99 563 69 633 306
person 0.99 668 178 782 476
person 0.81 748 69 814 246
person 0.98 781 202 887 520
person 0.8 799 81 869 237
backpack 0.33 808 253 886 355
person 0.85 866 75 923 241
person 0.65 915 78 969 248
person 0.4 942 81 996 244
person 0.97 982 129 1061 366
person 0.51 1004 83 1047 160
person 0.78 1044 117 1110 354
person 0.84 1108 127 1175 306
person 0.4 1167 96 1218 271
person 0.96 1175 184 1276 533
person 0.25 1201 72 1239 143
person 0.51 1215 79 1271 230
person 1.0 1256 210 1408 602
person 0.42 1271 124 1327 254
handbag 0.96 1358 412 1443 540
person 0.99 1379 176 1461 483
person 0.6 1399 76 1474 191
person 0.31 1427 168 1470 246
person 1.0 1487 197 1590 524
person 0.78 1517 167 1590 257
handbag 0.68 1538 418 1632 529
suitcase 0.26 1542 435 1635 549
person 1.0 1585 173 1721 587
person 0.99 1698 204 1814 553
person 0.96 1753 78 1827 239
backpack 0.81 1796 279 1852 367
person 0.28 1796 76 1856 230
person 0.46 1877 50 1922 267
