person 0.98 0 148 77 295
person 0.99 69 149 166 298
backpack 0.91 180 233 248 300
person 0.97 275 198 374 464
person 0.91 288 109 374 243
handbag 0.55 349 277 399 358
person 1.0 383 204 496 471
person 0.98 384 58 461 239
person 1.0 526 71 603 300
person 0.66 616 115 686 309
person 0.57 646 122 700 313
person 0.27 761 110 830 260
backpack 0.36 770 134 822 198
person 0.93 775 188 903 531
backpack 0.52 847 239 918 365
person 0.8 867 82 931 237
person 0.98 939 110 1009 384
backpack 0.38 952 168 1007 243
person 0.95 1004 102 1059 364
person 1.0 1129 195 1277 638
person 0.96 1162 85 1223 238
person 0.97 1226 89 1288 227
handbag 0.63 1297 336 1352 422
person 0.99 1302 192 1415 531
person 0.48 1374 88 1429 215
person 1.0 1375 229 1539 695
handbag 0.32 1481 511 1530 574
person 0.99 1527 196 1731 752
person 0.5 1657 188 1765 528
person 0.96 1721 204 1839 548
person 0.51 1853 154 1912 389
