person 0.99 -2 147 82 296
person 0.99 69 149 165 293
person 0.99 127 194 265 495
person 0.98 251 192 341 466
handbag 0.38 281 271 342 315
person 0.5 294 162 357 266
person 1.0 334 195 452 505
person 0.98 754 71 828 239
person 0.28 819 96 882 265
backpack 0.46 826 113 876 189
person 0.96 850 142 921 387
person 0.27 857 65 900 121
person 0.33 867 69 921 191
person 0.53 901 74 958 234
person 0.97 924 183 1027 540
person 0.96 941 77 1017 237
person 0.97 974 165 1083 551
person 0.95 1055 164 1142 440
person 0.95 1062 84 1123 228
backpack 0.49 1099 221 1141 283
person 0.97 1135 121 1202 318
person 0.99 1204 188 1343 633
person 0.95 1221 84 1292 241
handbag 0.4 1224 359 1321 462
person 0.92 1293 118 1358 247
person 0.99 1329 187 1423 533
person 0.27 1360 82 1411 236
person 0.97 1422 187 1522 536
person 0.99 1505 74 1577 252
person 1.0 1521 196 1630 531
person 0.96 1650 176 1761 584
handbag 0.54 1685 404 1770 493
handbag 0.33 1706 300 1785 421
person 0.99 1744 200 1868 526
