person 768 118 793 226
person 770 143 820 352
person 562 117 590 230
person 266 114 295 228
person 637 117 664 228
person 347 133 394 318
person 802 140 848 337
person 562 133 607 312
person 523 117 552 234
person 722 138 767 328
person 691 116 716 221
person 407 131 452 309
person 434 153 501 416
person -19 149 56 416
person 1072 133 1112 288
person 681 141 730 344
person 317 163 396 471
person 932 128 967 269
person 426 114 453 223
person 762 131 800 291
person 808 137 851 323
person 921 126 954 262
person 606 115 632 220
