person 931 144 981 353
person 1767 203 1914 609
person 732 121 761 243
person 835 122 864 243
person 674 120 703 243
person 948 126 981 261
person 950 125 982 256
person 1585 163 1670 417
person 664 121 695 248
person 345 112 371 213
person 320 112 346 216
person 734 116 759 221
person 936 142 984 339
person 737 117 763 225
person -9 146 62 401
person -58 163 36 487
person 741 126 775 267
person 325 117 356 239
person 893 133 932 297
person 759 124 791 259
person 593 125 628 271
person 432 113 458 216
