person 1074 143 1126 341
person 687 117 714 227
person 679 132 719 299
person 813 124 844 258
person 450 114 477 220
person 178 127 222 296
person 551 134 595 316
person 809 141 856 338
person 773 143 823 352
person 758 123 789 252
person 540 146 597 376
person 854 122 883 246
person 712 138 758 328
person 261 182 360 564
person 712 123 744 255
person 1026 143 1076 340
person 629 118 657 232
person 647 117 674 228
person 723 124 755 261
person 328 149 392 400
person 5 190 125 617
person 1835 203 1985 606
person 809 138 852 323
person 413 114 440 222
person 735 132 774 297
person 139 155 214 436
person 398 184 496 571
person 332 129 375 298
person 222 155 295 434
