person 349 113 376 218
person 472 113 498 217
person 590 120 621 243
person 326 162 404 463
person 510 113 535 214
person 1351 155 1421 390
person 478 113 503 214
person 791 145 842 359
person 800 140 846 337
person 1709 165 1799 423
person 267 114 297 229
person 667 119 696 238
person 645 114 669 214
person 419 113 445 216
person 1015 212 1139 685
person 486 122 520 261
person 635 199 742 634
person -35 149 41 413
person 749 131 788 293
person 676 141 725 345
person 712 138 758 329
person 808 137 851 323
person 396 113 423 218
person 561 134 605 314
person 1095 132 1135 285
person 790 121 819 243
