person 316 112 343 218
person 677 122 708 253
person 831 140 876 334
person 1673 230 1855 746
person 186 162 267 470
person 746 135 788 313
person 374 112 400 214
person 1774 229 1961 738
person 684 120 714 241
person 667 127 703 277
person 488 118 518 237
person 94 112 124 226
person -24 148 50 407
person 310 121 347 262
person 425 111 450 207
person 367 112 393 217
person 649 125 684 268
person 98 111 126 219
person 462 118 493 241
person 835 138 878 325
person 954 125 986 257
person 768 131 807 295
person 760 130 797 287
person 641 120 672 245
person 546 115 572 221
person 934 126 967 261
person 776 141 824 343
person 822 121 850 240
