person 809 140 856 336
person 1429 176 1527 488
person 335 162 412 462
person 761 120 789 238
person 552 134 596 314
person 1286 174 1377 483
person 717 138 763 330
person 722 120 750 239
person 265 111 292 215
person 782 119 809 234
person 577 118 606 237
person 760 144 811 355
person 403 143 459 365
person 483 114 510 222
person 533 113 557 214
person 488 113 513 214
person 1703 165 1793 423
person 749 131 788 293
person 1102 132 1143 286
person 695 123 727 257
person 758 117 784 225
person 267 141 325 363
person 810 137 854 323
person 679 141 728 345
person 473 113 498 215
person -17 148 57 410
