person 1245 248 1424 851
person 606 119 635 237
person -25 148 49 408
person 514 114 540 219
person 1521 245 1715 825
person 1396 195 1518 586
person 1187 137 1234 307
person 465 114 492 220
person 1806 187 1930 528
person 812 141 858 338
person 380 115 409 230
person 1675 183 1788 511
person 534 116 561 226
person 715 138 761 330
person 554 134 599 315
person 1341 228 1502 751
person 766 118 792 226
person 347 111 372 209
person 1661 203 1804 613
person 677 140 725 341
person 1492 196 1618 585
person 611 118 639 233
person 304 164 385 475
person 661 122 692 254
person 1589 229 1765 743
person 160 119 196 256
person 771 144 822 357
person 593 116 620 226
person 772 131 810 291
person 816 138 860 323
