person 816 124 847 257
person 1438 168 1526 449
person 19 191 138 620
person 852 121 880 242
person 424 148 485 391
person 733 131 772 295
person 757 143 807 350
person 226 139 283 356
person 804 140 851 338
person 797 137 841 323
person 681 141 730 343
person 1585 162 1668 413
person 715 123 746 255
person 837 122 866 245
person 585 127 623 282
person 682 132 722 299
person 553 134 597 316
person 1068 136 1112 307
person 732 138 777 330
person 615 118 643 235
person 734 128 770 280
person 700 151 758 393
person 724 124 757 259
person 746 123 776 252
person 1544 163 1627 420
person 1727 167 1820 430
person 145 139 203 356
person 785 147 838 370
person 1552 170 1645 455
person 635 118 663 233
person 322 146 384 386
