person 770 128 806 278
person 768 143 818 351
person -30 148 45 410
person 809 140 856 336
person 289 121 325 260
person 333 111 358 212
person 560 133 604 312
person 711 138 757 328
person 776 118 801 226
person 675 119 703 235
person 299 111 325 214
person 681 141 730 344
person 450 112 475 212
person 1074 133 1115 288
person 484 112 508 208
person -88 167 13 506
person 256 121 293 264
person 321 163 400 470
person 762 131 800 291
person 840 122 868 243
person 192 111 220 215
person 808 137 851 323
person 361 111 386 209
