person 1119 146 1174 350
person 1449 159 1525 402
person 1051 144 1103 345
person 423 112 449 214
person 549 133 592 311
person 746 120 774 238
person 1390 164 1472 432
person 611 118 639 236
person 1089 132 1129 284
person 760 131 799 292
person 796 140 843 337
person -39 148 37 411
person 675 122 706 253
person 821 120 849 237
person 399 112 424 211
person 813 137 856 323
person 778 143 827 352
person 448 112 472 209
person 1714 165 1804 424
person 1809 199 1951 585
person 326 111 352 213
person 1201 140 1251 320
person 687 124 720 260
person 332 162 410 465
person 675 141 724 345
person 239 110 266 211
person 724 138 770 328
