person 691 119 719 235
person 497 114 523 219
person 655 119 684 239
person 427 116 456 231
person 813 124 844 256
person 768 131 806 292
person 371 117 402 241
person -28 147 46 405
person 531 127 569 282
person 202 163 284 475
person 832 138 876 325
person 40 132 93 325
person 281 113 310 225
person 1772 170 1869 442
person 250 113 279 226
person 767 142 816 349
person 365 116 395 234
person 650 135 693 315
person 802 140 847 334
person 370 111 396 210
person 724 118 751 232
person 321 132 368 315
person 742 135 784 313
person 629 120 659 242
