person 363 114 391 222
person 577 116 603 223
person 566 122 599 253
person 698 117 724 223
person 865 124 896 256
person 871 122 900 244
person 903 124 933 251
person 713 117 739 225
person 766 144 817 356
person 1578 188 1696 542
person 555 134 600 314
person 782 140 829 338
person 1899 202 2050 598
person 1403 148 1465 352
person 1399 163 1479 426
person 595 121 627 248
person -34 148 41 410
person 676 141 725 344
person 580 117 608 232
person 47 164 134 483
person 1270 156 1339 396
person 704 138 750 329
person 1897 175 2005 463
person 1195 156 1263 399
person 1818 208 1974 630
person 1551 182 1661 514
person -276 383 105 1564
person 768 131 806 291
person 1453 177 1553 494
person 808 137 851 323
person -1 -1 -1 -1
person 592 117 619 230
person 1283 163 1360 429
