person 236 163 317 474
person 1159 149 1218 364
person 644 139 693 339
person 512 118 542 238
person 347 121 383 262
person 755 143 805 351
person -21 148 53 409
person 1224 139 1273 316
person 1529 162 1611 414
person 863 139 908 327
person 652 119 681 240
person 524 123 559 263
person 1412 158 1487 401
person 801 140 847 338
person 658 118 686 231
person 742 119 770 234
person 1441 154 1510 378
person 1240 149 1300 362
person 1136 140 1185 324
person 567 123 600 259
person 866 125 898 260
person 766 131 804 291
person 695 137 740 326
person 629 117 656 227
person 380 117 411 239
person 752 135 794 312
person 569 119 598 239
person 606 121 637 248
person 1319 149 1381 359
person 621 122 654 256
person 694 119 722 237
person 1453 163 1535 425
