person 1781 183 1899 511
person 637 124 670 263
person 770 131 808 291
person 1374 157 1446 395
person 1437 177 1536 492
person 738 117 763 223
person 419 116 448 230
person 754 118 780 227
person 766 144 817 356
person 429 270 613 990
person 1554 182 1664 514
person 1199 148 1258 359
person 788 140 835 336
person 811 138 855 323
person 1311 155 1380 389
person 558 134 602 314
person 670 119 699 239
person 1848 183 1969 509
person 676 141 725 344
person 1697 185 1815 521
person 675 119 703 236
person 702 138 748 330
person 643 117 670 230
person 124 164 208 481
person 673 123 705 258
person 1542 188 1659 544
person 1275 149 1336 361
person -25 148 49 410
