person 522 128 562 289
person 305 116 336 237
person 760 131 799 292
person 323 115 353 233
person 774 124 805 256
person 693 137 738 324
person -24 147 50 406
person 202 163 284 475
person -1 -1 -1 -1
person 832 138 876 325
person 195 113 224 224
person 432 113 458 214
person 750 135 792 313
person 247 112 275 221
person 798 140 844 334
person 185 133 235 324
person 667 117 694 228
person 563 118 592 238
person 779 143 829 352
person 363 115 392 230
person 632 117 660 231
person 595 118 624 235
person 324 110 349 207
