person 739 135 782 312
person 578 119 608 241
person 917 126 950 263
person 555 124 590 266
person 1508 160 1586 405
person 768 120 796 235
person 1418 160 1495 409
person 530 119 560 241
person 664 120 693 240
person 1255 147 1313 351
person 758 142 807 349
person 702 137 748 327
person 1313 147 1372 348
person 1207 148 1266 358
person 642 123 675 258
person 803 140 849 337
person 367 120 401 256
person 414 118 445 242
person 1154 140 1203 320
person 873 139 918 329
person 1398 156 1470 391
person 650 139 698 339
person 674 118 701 230
person 221 163 303 475
person 767 131 805 291
person 663 121 694 249
person 592 123 625 260
person 724 120 753 239
person -19 147 54 406
person 651 118 679 235
