person 467 116 495 228
person 405 113 431 215
person 1347 189 1458 558
person -25 148 49 408
person 738 122 768 247
person 693 141 741 343
person 1721 181 1835 503
person 261 109 286 206
person 553 134 598 315
person 812 141 858 338
person 760 118 786 226
person 1643 167 1733 433
person 715 138 761 330
person 533 116 561 227
person 629 119 658 237
person 1493 161 1573 414
person 283 113 311 222
person 1353 203 1482 623
person 1438 180 1541 508
person 1183 201 1302 620
person 499 114 525 217
person 128 116 161 242
person 745 121 774 243
person 1228 191 1337 571
person 1571 188 1689 543
person 1530 183 1640 517
person 667 118 695 234
person 771 144 822 357
person 144 164 229 483
person 896 126 929 263
person 772 131 810 291
person 816 138 860 323
