person 528 128 567 285
person -3 133 53 334
person 590 119 620 241
person 760 131 799 292
person 801 140 846 333
person -24 147 50 406
person 202 163 284 475
person 794 124 825 256
person 350 111 375 209
person 832 138 876 325
person 346 116 376 233
person 225 113 255 226
person 750 135 792 313
person 266 113 295 224
person 397 115 426 230
person 455 113 481 217
person 258 132 307 319
person 779 143 829 352
person 693 118 720 230
person 1793 167 1887 428
person 663 136 708 319
person 656 118 684 232
person 628 119 656 237
person 338 116 369 238
