person 758 131 796 292
person 1712 165 1802 424
person 1402 164 1484 431
person 426 111 450 206
person 1224 143 1277 331
person 973 128 1008 269
person -44 149 32 414
person 358 113 385 219
person 727 120 756 241
person 552 134 597 314
person 775 143 825 352
person 813 137 856 323
person 399 112 424 212
person 583 124 617 266
person 328 162 406 465
person 1090 132 1129 283
person 432 112 457 211
person 466 113 492 216
person 1529 165 1615 428
person 528 120 559 247
person 916 124 947 251
person 809 140 856 336
person 679 141 728 345
person 419 114 446 224
person 724 138 770 328
person 896 123 925 246
person 1137 140 1186 321
