person 579 156 645 424
person 335 162 412 462
person 635 117 661 226
person 614 123 647 258
person 1097 132 1137 285
person 627 117 655 230
person 473 113 498 215
person 760 144 811 355
person 554 133 598 313
person 350 112 376 213
person 715 138 761 330
person 1444 206 1581 635
person 530 113 555 214
person 436 151 500 406
person 352 114 381 224
person 619 117 647 231
person 749 131 788 293
person 810 137 854 323
person 1648 208 1797 637
person 758 117 784 225
person 722 121 751 245
person 807 140 853 337
person -21 148 53 411
person 679 141 728 345
person 491 113 516 214
person 1706 165 1796 423
