person 764 118 790 227
person 717 121 746 244
person 455 113 480 215
person -39 149 37 412
person 326 115 355 228
person 675 134 717 311
person 1310 165 1391 440
person 1564 188 1681 540
person 333 118 366 247
person 771 131 809 291
person 363 112 389 213
person 715 138 761 330
person 639 118 667 235
person 288 111 315 213
person 1428 175 1524 483
person 362 111 387 209
person 1280 142 1333 327
person 964 127 998 263
person 753 117 778 224
person 1548 182 1657 512
person 727 143 778 354
person 287 115 317 231
person 612 119 640 237
person 1233 156 1301 396
person 874 139 918 328
person 1425 221 1581 712
person 1021 212 1144 684
person 805 141 852 338
person 642 140 691 341
person 218 115 249 234
person 175 148 241 399
person 481 115 508 223
person 1271 144 1327 339
person 1253 219 1397 707
person 221 163 302 473
person 1250 169 1334 459
