person 791 140 837 334
person 551 116 578 224
person 178 111 206 219
person 213 114 243 232
person 510 116 538 229
person -6 134 52 339
person 130 111 159 221
person 548 112 571 205
person 240 114 270 229
person 832 138 876 325
person 345 110 370 207
person 992 128 1027 268
person 715 123 746 255
person 532 131 574 300
person 465 116 494 230
person -32 147 42 406
person 747 135 790 313
person 936 126 969 262
person 782 143 832 351
person 759 131 797 291
person 713 138 759 331
person 957 125 989 256
person 1002 131 1040 281
person 1206 139 1254 312
person 207 163 289 475
person 272 114 302 227
person 575 115 602 222
