person 1075 133 1116 288
person 410 112 436 214
person -30 148 45 410
person 556 133 600 312
person 317 123 355 272
person 273 123 312 274
person 808 137 851 323
person 488 113 513 215
person 767 143 817 352
person 373 112 399 216
person 796 140 843 337
person 711 138 757 328
person -6 165 85 491
person 533 112 557 210
person 298 110 323 208
person 194 111 221 218
person 893 128 927 270
person 902 123 932 246
person 678 141 727 345
person 330 112 357 218
person 321 163 400 470
person 762 131 800 291
person 736 120 764 239
person 767 118 793 226
