person 154 113 183 225
person 868 125 899 257
person 901 124 932 253
person 854 123 884 248
person 1363 154 1432 384
person 936 141 983 333
person 906 136 948 313
person 810 127 844 272
person 634 120 663 242
person 198 115 230 235
person -5 147 66 401
person 703 121 733 246
person 181 162 261 467
person 885 126 918 264
person 1470 156 1542 386
person 1043 144 1095 347
person 565 133 609 312
person 773 131 812 294
person 353 167 435 490
person 594 120 625 244
person 256 115 287 234
person 433 112 458 211
person 247 113 276 226
person 654 118 682 234
