person -33 148 42 408
person 70 110 100 218
person 743 135 786 313
person 776 141 824 343
person 384 115 413 231
person 837 122 865 243
person 622 130 662 291
person 63 112 94 226
person 351 116 381 233
person 197 125 240 287
person 279 111 305 211
person 960 125 992 257
person 1890 199 2036 584
person 793 122 823 248
person 754 123 785 254
person 307 110 332 208
person 765 131 804 294
person 549 131 591 302
person 232 110 259 212
person 558 118 586 235
person 460 113 485 215
person 525 120 556 247
person 205 162 285 468
person 833 121 861 239
person 820 140 865 334
person 583 125 619 271
person 507 118 537 239
person 840 138 883 324
person 640 117 668 229
