person 1431 173 1525 476
person 962 126 995 261
person 1310 164 1390 436
person 644 139 693 339
person 760 118 786 228
person 765 131 803 291
person 755 143 805 351
person 432 115 460 226
person 216 163 297 472
person 568 115 594 223
person 1706 184 1822 515
person 528 115 555 224
person 1630 167 1721 437
person 1120 164 1195 442
person 380 119 413 250
person 481 119 513 246
person 1894 178 2007 481
person -34 148 41 411
person 292 129 337 301
person 805 120 832 237
person 682 121 712 244
person 427 119 459 247
person 742 135 785 313
person 381 115 410 230
person 1506 166 1593 435
person 752 117 777 224
person 1765 178 1875 486
person 1126 150 1186 373
person 1653 174 1754 470
person 695 137 740 326
person 529 114 554 216
person 468 115 496 225
person 1543 177 1646 490
person 798 140 845 338
person 871 139 915 327
person 1219 165 1297 441
person 911 127 945 268
person 1219 150 1281 369
person 254 113 283 223
