person 680 132 721 299
person 551 134 595 316
person 530 116 558 226
person 124 147 190 396
person 519 128 559 290
person 738 132 778 296
person 709 120 738 238
person 723 124 755 261
person 813 124 844 258
person 407 164 485 470
person 1754 190 1881 544
person 809 141 856 338
person 253 162 332 468
person 773 143 823 352
person 493 116 521 228
person 623 146 679 375
person 206 148 272 399
person 690 141 739 343
person 712 138 758 328
person 712 123 744 255
person 726 119 753 234
person 359 127 401 291
person 1096 138 1143 316
person 1602 185 1717 525
person 452 151 515 403
person 5 190 125 617
person 776 119 804 235
person 809 138 852 323
person 1071 138 1117 316
person 752 123 783 252
