person 279 110 304 206
person 877 122 906 245
person 262 122 300 269
person -30 148 45 410
person -53 167 44 502
person 681 141 730 344
person 312 112 339 215
person 464 113 489 214
person 185 111 212 216
person 767 143 817 352
person 771 118 797 226
person 796 140 843 337
person 711 138 757 328
person 303 122 340 267
person 1074 133 1115 288
person 838 128 873 274
person 703 119 731 237
person 560 133 604 312
person 386 111 412 211
person 321 163 400 470
person 762 131 800 291
person 509 112 533 209
person 808 137 851 323
person 351 112 377 214
