person 1692 316 2007 1167
person 859 210 973 681
person 400 118 432 243
person 668 121 698 245
person 659 119 688 239
person 365 128 407 293
person 710 119 738 235
person 671 116 697 224
person 333 127 374 288
person -65 167 33 504
person 272 111 299 215
person 322 115 352 231
person 47 139 108 361
person 1034 209 1155 670
person 292 111 318 214
person 1282 162 1359 424
person 344 112 370 214
person 787 119 814 234
person 736 120 764 237
person -77 189 48 612
person 704 120 733 240
person 441 118 472 239
person 549 119 579 240
