person -39 148 37 412
person 758 118 784 227
person 193 163 275 477
person 700 119 728 234
person 817 138 861 323
person 1284 150 1346 365
person 737 125 770 265
person 1578 188 1696 540
person -1 -1 -1 -1
person 1598 171 1694 456
person 1225 145 1281 342
person 547 134 592 314
person 744 121 773 241
person 1602 174 1703 474
person 1544 182 1653 512
person 1783 179 1895 490
person 314 112 341 215
person 750 143 800 355
person 195 110 221 210
person 1722 172 1821 455
person 462 117 492 235
person 1775 315 2095 1155
person 811 141 858 340
person 694 141 743 345
person 745 121 775 244
person 690 126 725 270
person 1447 177 1546 492
person 717 138 763 330
person 1295 145 1352 342
person 1389 152 1456 373
person 763 131 801 291
person 669 231 805 792
person 740 117 766 224
