person 756 120 784 239
person -33 148 42 408
person 59 110 88 218
person 743 135 786 313
person 776 141 824 343
person 1772 180 1884 493
person 437 132 482 309
person 621 132 663 302
person 813 140 858 334
person 251 110 276 207
person 720 121 749 244
person 870 125 901 256
person 768 120 795 235
person 448 117 478 237
person 21 111 52 222
person 566 116 592 224
person 216 163 297 472
person 200 110 226 209
person 480 117 509 232
person 332 114 361 228
person 764 131 803 293
person 301 114 330 229
person 547 126 584 275
person 406 112 431 213
person 684 121 714 248
person 837 138 881 324
person 435 118 466 241
person 132 128 179 305
