person 205 161 285 466
person 419 154 486 422
person -10 147 62 402
person 343 115 373 231
person 815 127 848 270
person 985 127 1018 262
person 726 121 756 245
person 301 116 332 239
person 895 126 927 265
person 751 120 779 240
person 822 124 853 254
person 767 131 806 294
person 497 132 541 309
person 628 114 653 215
person 1171 144 1225 341
person 1370 148 1432 351
person 1072 141 1121 331
person 359 112 385 215
person 259 116 291 240
person 236 111 263 216
person 992 138 1037 318
person 697 122 728 250
person 139 114 171 232
