person 799 140 845 337
person 565 115 591 219
person 373 112 400 216
person 773 143 823 352
person 761 117 787 225
person 232 113 260 223
person 217 157 292 445
person 711 138 757 328
person 315 128 358 295
person 317 163 396 471
person -19 149 56 416
person 556 133 600 312
person 678 141 727 345
person 353 127 394 290
person 613 115 638 217
person 762 131 800 291
person 883 123 912 247
person 433 115 462 227
person 808 137 851 323
person 534 115 561 221
person 1077 133 1118 288
person 474 115 501 224
