person -58 163 36 487
person 609 117 636 231
person 619 115 644 217
person 951 125 982 255
person 581 119 612 243
person 705 139 751 333
person 758 123 789 253
person 661 140 710 344
person 830 121 858 240
person 602 115 627 220
person 356 111 381 208
person -9 146 62 401
person 763 122 793 248
person 830 132 868 296
person 1899 178 2013 480
person 400 124 437 274
person 709 118 736 230
person 521 122 554 256
person 585 118 614 237
person 608 121 640 252
person 210 115 241 234
person 1681 182 1794 508
