person 1288 148 1348 353
person 606 119 636 240
person -4 146 66 399
person 523 117 552 235
person 760 131 799 294
person 486 114 512 218
person 169 117 203 247
person 63 163 149 478
person 92 112 122 227
person 423 112 449 213
person 707 121 737 245
person 623 117 650 231
person 560 117 588 232
person 651 117 677 226
person 731 117 757 224
person 399 112 425 212
person 740 120 768 240
person 209 124 250 280
person 301 111 327 212
person 660 118 688 233
person 258 111 284 212
person 97 124 139 284
