person 785 120 813 239
person 704 138 750 330
person 844 127 877 269
person 171 129 218 308
person 763 124 795 259
person 845 125 876 259
person 1352 152 1418 371
person 557 134 602 314
person 657 140 706 342
person 809 137 853 323
person 1541 203 1678 616
person 399 114 427 225
person -1 -1 -1 -1
person 759 131 798 294
person 482 113 507 215
person 1872 211 2035 644
person -34 148 41 411
person 257 129 302 304
person 847 141 894 339
person 493 113 518 214
person -1 -1 -1 -1
person 755 117 780 224
person 349 162 425 461
person 534 113 559 213
person 756 143 807 354
person 1778 209 1935 638
person 1265 150 1327 364
person 1386 204 1517 626
