person 897 124 928 253
person 649 139 697 339
person 166 113 196 226
person 770 124 801 256
person 831 124 862 256
person 127 112 157 225
person 923 131 961 285
person 744 135 786 312
person 520 114 546 220
person 356 113 383 220
person 386 113 412 218
person 613 135 657 317
person 217 163 298 475
person 441 112 466 213
person -28 148 46 406
person 854 138 898 326
person 797 140 843 334
person 409 113 435 216
person 762 142 811 348
person 700 126 735 268
person 767 131 805 291
person 824 127 858 271
person 739 125 772 262
person 800 123 831 252
