person 760 117 785 225
person 809 140 856 336
person -26 148 49 411
person 1256 160 1330 418
person 757 125 789 261
person 611 117 639 228
person 717 138 763 330
person 858 122 887 245
person 498 117 527 233
person 547 134 591 314
person 473 113 498 215
person 760 144 811 355
person 224 136 276 337
person 811 137 854 322
person 673 141 722 345
person 744 131 783 293
person 823 122 852 247
person 533 113 557 214
person 315 136 365 334
person 1728 167 1821 431
person 944 126 976 258
person 344 162 421 461
person 1851 281 2125 990
person 1370 163 1449 424
person 880 122 908 242
person 486 113 512 214
