person 127 114 158 234
person 739 121 769 245
person 918 123 948 248
person 669 117 696 229
person 744 119 772 235
person 1479 170 1570 457
person -1 -1 -1 -1
person 803 123 833 254
person 690 152 750 402
person 35 116 72 249
person 1794 174 1899 466
person -1 -1 -1 -1
person 518 118 548 238
person 44 118 82 255
person 1412 189 1526 552
person -1 -1 -1 -1
person 33 125 79 291
person 662 119 691 238
person 1235 185 1338 541
person 785 151 842 393
person 443 115 471 226
person 257 118 290 247
person 424 116 453 231
person 469 114 496 218
person -17 136 43 349
person 728 122 758 249
person 701 120 730 240
person 1574 192 1698 563
person 579 119 608 239
person 350 128 392 294
person -43 167 54 504
person 335 126 376 287
person 563 120 594 247
person -10 133 46 335
person 206 114 237 231
person 101 114 132 233
person 360 116 390 233
person 718 119 746 234
person 179 114 210 231
