person 758 118 784 227
person 482 115 509 223
person 1538 181 1646 510
person 993 135 1035 305
person 1522 350 1869 1336
person 1177 303 1420 1124
person 356 111 381 211
person 742 117 767 224
person 1430 175 1527 485
person 1853 317 2186 1165
person 1367 189 1479 555
person 653 145 707 367
person 1323 150 1387 366
person 521 117 550 233
person 767 131 805 291
person 810 141 857 340
person -14 149 61 414
person 233 112 261 221
person 99 114 131 234
person 1213 191 1322 569
person 1578 188 1696 540
person 1032 170 1111 476
person 578 134 622 313
person 183 164 266 478
person 680 140 729 342
person 717 138 763 330
person 885 139 930 329
person 167 112 197 225
person 1041 135 1083 300
person 495 114 522 220
person 282 112 310 219
person 735 123 767 254
