person 243 112 271 221
person 1589 171 1685 459
person 1685 185 1803 524
person -1 -1 -1 -1
person 658 120 687 241
person 755 143 805 351
person 514 113 539 216
person 1686 179 1794 491
person 1534 177 1635 489
person 1247 153 1312 380
person 1292 167 1375 452
person 216 163 297 472
person 458 115 485 224
person 919 125 951 258
person 679 137 725 327
person 767 119 794 234
person -34 148 41 411
person 423 115 451 225
person 938 125 969 255
person 365 119 398 248
person 742 135 785 313
person 774 118 800 227
person 368 115 397 227
person 512 115 539 222
person 1649 171 1746 452
person 1431 173 1525 476
person 765 131 803 291
person 1130 153 1193 385
person 542 115 568 220
person 1214 168 1296 460
person 815 126 848 266
person 1833 187 1958 527
person 1112 167 1191 459
person 291 130 337 309
person 871 139 915 327
person 470 119 502 243
person 405 118 437 245
person 752 117 777 224
person 644 139 693 339
person 798 140 845 338
