person 335 162 412 462
person 533 113 558 213
person 552 134 596 314
person 717 138 763 330
person 489 113 514 214
person 1704 165 1794 424
person 709 118 736 230
person 659 118 687 234
person 679 141 728 345
person 340 146 401 385
person 697 119 724 234
person 417 113 443 217
person 1347 186 1455 542
person 749 131 788 293
person 1102 132 1143 286
person 487 148 547 388
person 655 120 684 242
person 310 112 337 219
person 758 117 784 225
person 652 123 685 257
person 473 113 498 215
person 807 140 853 337
person 810 137 854 323
person 760 144 811 355
person -17 148 57 410
person 1523 190 1642 555
