person 800 124 831 257
person 190 113 220 226
person 936 125 967 254
person 436 113 463 218
person 371 114 399 222
person 835 124 865 252
person 744 135 786 312
person 978 132 1017 290
person 779 125 812 264
person 871 125 902 258
person 847 128 881 273
person 786 143 834 349
person 535 114 561 216
person 217 163 298 475
person 472 113 497 216
person -28 148 46 406
person 649 139 697 337
person 797 140 843 334
person 695 125 728 265
person 586 134 630 314
person 146 112 176 225
person 767 131 805 291
person 851 138 895 326
person 412 114 439 220
