person 647 120 676 242
person 468 120 500 250
person 491 119 523 245
person -1 -1 -1 -1
person -91 189 35 612
person 0 136 59 349
person 936 126 968 261
person 160 116 194 245
person -46 183 69 582
person 666 119 695 238
person 353 128 395 293
person -14 133 43 335
person 406 117 437 239
person 1887 171 1990 446
person 816 122 845 246
person 57 118 94 255
person 716 122 746 248
person 478 117 507 234
person 691 118 718 230
person 1375 160 1452 413
person 38 125 84 291
person -7 169 89 513
person 1324 155 1393 391
person -1 -1 -1 -1
person 556 131 599 302
person 632 120 663 245
person 653 131 694 298
person 293 116 325 239
person 400 119 433 250
person 344 127 386 289
person 1222 152 1287 381
person 822 121 850 242
person 538 119 569 243
person -177 226 2 800
person 719 119 747 234
person 623 123 656 259
person 429 121 463 255
person 31 116 68 250
