person -9 149 65 412
person 523 113 548 214
person 472 113 498 217
person 780 145 832 362
person 326 162 404 463
person 498 122 532 260
person 715 138 760 329
person 800 140 846 337
person 1709 165 1799 423
person 1313 153 1380 379
person 561 134 605 314
person 554 119 584 241
person 1095 132 1135 285
person 411 113 437 219
person 437 113 463 218
person 375 113 402 220
person 749 131 788 293
person 668 115 692 217
person 676 141 725 345
person 483 113 509 214
person 979 200 1088 626
person 704 120 733 241
person 808 137 851 323
person 614 190 713 594
person 841 122 870 246
person 246 114 276 228
