person 375 133 422 317
person 393 111 417 209
person 892 123 921 246
person 720 116 746 222
person 553 114 578 215
person 900 125 931 259
person 836 123 866 252
person 437 116 466 231
person 395 113 421 218
person 791 131 830 293
person 446 112 471 210
person 11 146 82 400
person -53 164 41 488
person 330 134 378 324
person 731 120 759 238
person 237 116 270 240
person 109 122 149 272
person 899 124 929 252
person 390 117 421 240
person 770 125 802 260
person 522 119 552 241
person 469 116 497 228
person 601 117 628 229
