person 352 113 379 220
person 809 123 839 249
person -58 163 36 487
person 217 111 244 213
person 1036 143 1087 339
person 1563 157 1639 388
person 381 118 413 241
person 717 122 748 251
person 1059 145 1112 351
person 140 110 168 216
person 689 126 724 270
person 904 123 933 249
person -9 146 62 401
person 749 117 774 222
person 385 113 412 218
person 739 117 764 225
person 99 111 128 219
person -262 425 169 1766
person 722 121 752 246
person 918 133 957 298
person 876 128 910 272
person 139 114 170 232
person 63 112 94 226
person 844 126 876 263
person 470 114 497 220
person 1712 190 1839 549
