person 470 116 498 229
person 1165 194 1276 590
person 119 164 203 482
person 763 118 788 226
person -25 148 49 408
person 770 122 800 249
person 1309 184 1413 533
person 693 141 741 343
person 1567 187 1685 540
person 513 114 539 218
person 261 109 286 206
person 940 127 974 265
person 686 119 714 236
person 1332 195 1450 588
person 132 115 165 240
person 535 116 563 228
person 715 138 761 330
person 1435 180 1538 507
person 268 112 296 221
person 651 119 680 239
person 1215 185 1317 544
person 773 131 811 292
person 1547 183 1658 518
person 1689 176 1794 481
person 421 113 447 217
person 812 141 858 338
person 1611 163 1696 417
person 771 144 822 357
person 1467 158 1543 400
person 776 121 805 245
person 551 134 595 315
person 816 138 860 323
