person 902 124 932 253
person 1896 197 2038 574
person 773 131 811 291
person -1 -1 -1 -1
person 775 122 804 245
person 353 113 380 218
person 874 139 918 328
person 426 113 452 215
person 759 122 789 248
person 1593 190 1714 550
person 756 135 798 312
person 1064 184 1159 544
person 718 138 764 330
person 346 117 377 238
person 753 117 778 224
person 409 113 436 218
person 378 116 408 235
person 1537 177 1639 490
person 764 118 790 227
person 292 117 324 241
person 1331 187 1439 546
person 1200 161 1274 425
person 261 138 315 346
person 1424 173 1518 477
person 1290 161 1365 418
person 1324 148 1385 355
person 542 122 575 256
person 456 112 481 213
person -22 149 53 411
person 1190 184 1290 538
person 805 141 852 338
person 642 140 691 341
person 566 117 595 231
person 221 163 302 473
person 306 112 333 215
