person 120 133 172 330
person 190 126 234 293
person 1035 145 1088 351
person 716 138 761 328
person 553 130 594 296
person 1087 143 1139 338
person 808 141 855 339
person 761 143 811 352
person 797 137 841 323
person 529 128 568 288
person 555 134 600 316
person 679 141 728 344
person 676 132 716 300
person 112 126 157 294
person 910 124 941 252
person 1372 151 1438 368
person 761 123 792 253
person 1281 146 1338 344
person 712 123 744 256
person 740 131 779 295
person 959 141 1006 332
person 731 124 763 259
person 817 124 848 256
