person 1790 233 1984 757
person 335 162 412 462
person 530 113 555 214
person 1622 235 1809 773
person 669 164 740 461
person 489 113 514 214
person 474 113 500 215
person 554 133 598 313
person 406 115 435 229
person 1097 132 1137 285
person 760 144 811 355
person 571 123 605 258
person 801 123 831 249
person 715 138 761 330
person 503 158 572 437
person 586 116 612 223
person 568 116 595 226
person 749 131 788 293
person 810 137 854 323
person 1711 165 1801 423
person 548 116 576 228
person 676 141 725 345
person 758 117 784 225
person 807 140 853 337
person -21 148 53 411
