person 426 111 450 205
person 1029 143 1080 344
person 623 117 650 229
person 1707 165 1797 424
person 683 141 732 344
person 779 143 828 351
person 367 111 392 209
person 758 131 797 292
person 1089 132 1129 284
person 719 138 765 328
person 332 162 410 465
person 677 121 708 247
person 494 117 523 233
person 1496 176 1596 487
person 800 123 830 250
person 1597 177 1701 488
person 741 117 766 226
person -19 149 56 416
person 946 148 1000 370
person 813 137 856 323
person 968 147 1022 364
person 794 140 840 337
person 562 133 607 312
person 845 125 877 261
person 413 111 437 208
