person 1876 175 1984 466
person 742 118 768 231
person 1618 170 1712 451
person 506 120 537 247
person 1424 172 1517 469
person 1134 161 1206 427
person 1124 149 1182 366
person 705 121 735 247
person 755 143 805 351
person -12 148 61 408
person 216 163 297 472
person 1709 173 1810 461
person 1535 175 1634 480
person 389 119 422 250
person 445 120 478 249
person 1484 162 1565 417
person 595 116 621 224
person 1588 164 1673 421
person 1230 161 1305 424
person 447 115 476 228
person 1315 162 1392 423
person 742 135 785 313
person 853 122 881 242
person 644 139 693 339
person 1202 148 1261 357
person 408 116 438 234
person 695 137 740 326
person 544 114 569 217
person 560 116 587 227
person 798 140 845 338
person 295 127 338 293
person 871 139 915 327
person 749 117 774 224
person 479 116 507 228
person 1685 180 1796 499
person 269 114 299 227
person 767 131 805 291
