person 312 163 392 472
person 762 145 814 363
person 1712 165 1802 424
person 799 140 845 337
person 366 110 390 204
person 1812 195 1948 566
person 425 124 462 270
person 730 117 756 224
person 910 124 940 251
person 1100 132 1141 286
person 779 143 828 350
person 562 133 607 312
person 324 110 349 206
person 661 121 692 246
person 722 138 767 328
person 934 128 968 270
person 1648 196 1780 577
person 566 116 593 224
person -24 149 52 416
person 810 137 854 323
person 383 110 407 202
person 772 147 825 371
person 935 146 987 359
person 763 131 801 292
person 466 123 501 262
person 429 116 459 234
person 675 141 724 345
person 706 120 735 238
