person 420 113 447 219
person 758 117 783 225
person 135 122 176 275
person 1219 158 1290 411
person 237 125 278 282
person 557 134 602 315
person 513 113 538 214
person -1 -1 -1 -1
person 419 120 452 252
person 537 113 562 214
person 1556 165 1643 429
person -7 148 66 406
person 394 114 422 221
person 966 133 1006 294
person 815 137 859 323
person 765 144 816 356
person 1301 159 1374 409
person 1423 163 1504 426
person 588 120 619 246
person 349 162 425 461
person 768 131 806 291
person 674 140 723 343
person 713 138 759 330
person 482 113 508 214
person 307 116 338 238
person 1752 318 2077 1174
person 804 141 851 339
person 274 111 301 213
