person 187 138 243 350
person 111 121 150 267
person 1805 221 1981 697
person 702 132 742 302
person 863 126 895 262
person 797 137 841 323
person 760 132 800 298
person -1 -1 -1 -1
person 705 138 751 328
person 769 126 803 269
person 372 112 398 214
person 775 124 806 258
person 852 125 883 258
person 1544 221 1707 707
person 796 141 843 339
person 1117 136 1162 303
person 551 134 595 316
person 675 141 724 344
person 756 143 806 353
person 938 125 970 256
person 619 118 647 232
person 534 115 561 222
