person 533 113 557 213
person 776 144 826 356
person 125 121 165 270
person -29 148 45 409
person 398 113 424 216
person 710 138 755 329
person 366 119 399 250
person 431 113 457 215
person 514 113 539 211
person 1859 292 2151 1042
person 799 141 845 339
person 795 137 839 322
person 422 114 449 223
person 1212 155 1280 395
person 555 134 599 314
person 444 114 471 221
person 1412 160 1490 410
person 366 161 442 459
person 473 113 498 213
person 1545 161 1625 408
person 1011 134 1052 299
person 1280 154 1347 387
person 681 141 730 344
person 225 124 265 279
person 766 131 804 292
person 556 120 587 244
person 1640 288 1906 1030
person 758 117 784 225
person 343 117 375 240
