person 760 131 798 292
person 1609 184 1722 520
person -21 148 53 411
person 341 111 366 210
person 755 117 780 224
person 1245 177 1339 502
person 730 123 761 254
person 737 143 787 355
person 557 134 602 314
person 657 140 706 342
person 329 113 357 221
person 326 112 352 213
person 131 113 162 228
person 609 122 641 256
person 485 113 510 215
person -1 -1 -1 -1
person 1368 177 1465 495
person 1327 144 1384 337
person 812 137 855 322
person 834 141 881 340
person 887 129 921 276
person 234 126 277 290
person 501 113 526 214
person 151 126 194 292
person 349 162 425 461
person -1 -1 -1 -1
person 713 138 759 330
person 533 113 558 213
person 1719 190 1845 546
