person 662 118 690 234
person 765 118 791 229
person 670 122 701 252
person 1064 148 1121 366
person 1097 142 1148 334
person 683 141 732 344
person 788 124 820 257
person 894 124 924 252
person 1089 132 1129 284
person 760 131 799 292
person 1405 168 1493 451
person 722 138 767 328
person 442 112 467 209
person 813 137 856 323
person 778 143 827 352
person -34 148 41 411
person 996 148 1051 366
person 328 162 406 465
person 393 112 418 211
person 540 118 569 235
person 418 111 443 208
person 794 140 840 337
person 565 133 609 312
person 1505 168 1594 444
person 1709 165 1799 424
