person 358 128 400 294
person 303 112 330 216
person 704 117 730 226
person 1611 294 1884 1063
person 734 120 762 237
person 1251 157 1321 403
person 818 121 846 239
person 709 119 737 235
person 478 118 509 241
person 265 112 292 217
person 826 198 928 624
person 335 115 365 232
person 332 126 374 288
person 658 120 687 240
person -84 189 41 613
person 434 119 466 244
person 714 121 744 246
person 87 136 144 346
person -71 167 28 505
person 702 120 731 240
person 994 197 1101 613
person 399 113 426 216
person 590 120 621 242
person 349 112 375 215
