person 1859 179 1973 487
person 774 156 835 414
person 44 118 82 255
person 102 114 134 233
person 717 119 744 234
person -1 -1 -1 -1
person 347 128 390 294
person 449 113 475 217
person 400 115 429 228
person 216 117 249 245
person 33 116 70 250
person 1528 175 1628 482
person -123 190 8 621
person 737 119 764 236
person 669 117 696 229
person 519 118 548 238
person 170 113 200 226
person 1639 200 1777 600
person 347 115 376 230
person -1 -1 -1 -1
person 1264 192 1376 574
person 33 125 79 291
person 1451 196 1576 589
person 565 119 595 240
person 713 121 743 245
person 430 115 458 225
person 662 119 691 238
person 544 120 575 245
person 703 120 731 240
person 767 123 798 252
person -43 167 54 504
person 335 126 376 287
person 697 156 761 421
person 157 114 188 231
person 899 123 929 247
person -30 133 28 336
person 0 136 60 348
person 227 126 270 290
person 671 122 702 251
person 112 114 144 234
