person 772 127 806 271
person 498 115 525 224
person 244 306 474 1175
person 253 112 280 217
person -5 146 66 400
person -58 163 36 487
person 1658 179 1766 495
person 959 134 1000 300
person 789 122 819 249
person 1133 143 1185 336
person -201 309 79 1203
person 417 114 444 221
person 789 124 820 255
person 395 114 423 224
person 179 115 211 237
person 81 114 114 237
person 197 114 228 233
person 155 112 185 225
person 440 119 472 247
person 754 117 779 222
person 739 117 764 225
person 936 127 969 267
person 1153 145 1207 344
person 193 112 222 222
person 269 111 295 215
person 888 124 919 255
