person 575 121 606 249
person 363 124 401 273
person 800 120 828 236
person 177 114 207 230
person 649 138 696 331
person 547 119 577 240
person -1 -1 -1 -1
person 558 118 588 236
person 564 116 592 228
person 1001 128 1036 268
person 675 117 702 227
person 15 146 86 400
person 569 115 594 219
person 712 122 743 250
person -53 164 41 488
person 918 124 949 252
person 477 121 510 253
person 811 132 850 296
person 611 140 660 342
person 1676 187 1796 532
person 724 121 754 245
person 577 114 602 214
