person 827 122 857 246
person 592 134 636 313
person 183 115 214 235
person 679 120 709 242
person 126 113 157 229
person 1015 143 1066 344
person 242 115 273 233
person 418 112 444 214
person 1480 158 1556 399
person 620 118 648 233
person 886 136 928 312
person 902 140 948 333
person 1359 157 1432 398
person 856 123 885 251
person 203 161 282 462
person 588 119 618 239
person 814 124 845 256
person 212 113 241 225
person 810 127 844 272
person 883 126 915 264
person -6 147 66 404
person 769 131 807 294
person 559 119 590 242
person 339 174 429 521
