person -11 147 62 406
person 287 111 313 212
person 1218 144 1272 336
person 338 110 363 206
person 312 111 337 209
person 1450 154 1520 376
person 226 163 307 474
person 822 124 853 255
person 832 122 861 246
person 698 137 744 327
person 249 110 275 210
person 758 142 807 349
person 659 125 694 266
person 803 140 849 337
person 666 121 696 248
person 747 119 775 235
person 882 122 911 244
person 598 121 629 247
person 1280 143 1334 330
person 676 126 711 273
person 1335 152 1401 372
person 873 139 918 329
person 739 135 782 312
person 707 125 740 263
person 535 121 567 250
person 666 120 695 242
person 1371 148 1433 352
person 767 131 805 291
person 473 112 497 209
person 721 121 751 244
person 430 118 461 241
person 650 139 698 339
