person 529 113 554 214
person 1279 148 1339 356
person 564 174 648 513
person -9 149 65 412
person 473 113 498 215
person 701 116 726 220
person 1709 165 1799 423
person 715 138 760 329
person 486 113 512 214
person 800 140 846 337
person 918 124 948 250
person 828 181 913 540
person 497 114 523 220
person 795 145 846 361
person 784 122 813 245
person 1095 132 1135 285
person 749 131 788 293
person 810 137 854 323
person 927 125 959 258
person 676 141 725 345
person 485 117 515 235
person 519 122 552 259
person 561 134 605 314
person 476 114 503 222
person 331 162 408 462
person 436 114 463 223
