person 722 138 767 328
person 713 123 745 256
person 1368 155 1438 386
person 730 124 762 260
person 816 124 847 258
person 473 134 519 318
person 44 129 94 309
person 807 122 836 247
person 1027 129 1064 272
person 749 123 779 253
person 981 148 1037 369
person 674 132 714 299
person 553 134 597 316
person 804 138 848 324
person 1037 139 1084 322
person 998 144 1050 350
person 1330 145 1387 338
person 231 130 277 310
person 833 122 861 244
person -100 197 37 653
person 161 130 208 310
person 731 131 770 296
person 776 143 826 353
person 807 141 854 339
person 1285 150 1347 364
person 907 128 942 273
person 423 132 468 311
person 683 140 732 341
