person 503 118 532 237
person 561 120 592 246
person -21 148 53 409
person 1248 151 1311 373
person 644 139 693 339
person 1127 142 1178 331
person 539 122 573 257
person 755 143 805 351
person 1311 151 1375 369
person 766 131 804 291
person 1567 166 1655 433
person 1401 149 1464 355
person 801 140 847 338
person 710 118 737 231
person 484 122 518 261
person 327 122 364 267
person 356 117 387 237
person 1137 150 1197 374
person 1195 140 1245 318
person 1484 166 1570 438
person 217 163 299 476
person 613 116 639 226
person 669 119 697 235
person 1404 160 1481 412
person 695 137 740 326
person 1455 156 1527 388
person 752 135 794 312
person 871 139 915 327
person 594 122 626 254
person 654 119 683 239
person 672 117 698 229
person 827 125 858 258
person 544 118 574 237
