person 758 118 784 227
person 216 110 242 211
person 743 144 794 356
person 195 111 222 215
person 765 131 803 291
person 549 134 594 314
person 1439 176 1537 488
person 1444 246 1633 831
person 1671 244 1874 815
person 1806 170 1906 445
person 835 128 870 277
person 810 141 857 340
person 1642 166 1731 429
person 1544 182 1653 512
person 855 124 885 252
person 202 163 284 476
person 863 123 892 247
person 385 113 412 221
person 1538 160 1617 404
person -14 149 61 414
person 858 139 902 327
person 742 117 767 224
person 794 121 822 240
person 354 112 380 214
person 1464 163 1546 422
person 397 112 422 213
person 1303 145 1360 340
person 861 199 964 625
person 1484 160 1563 408
person 717 138 763 330
person 258 110 284 209
person 678 140 726 342
person 1578 188 1696 540
person 804 129 841 283
person 565 119 595 243
