person 398 112 423 211
person 322 112 349 216
person 773 131 811 291
person 764 118 790 227
person 874 139 918 328
person 1020 198 1128 613
person 718 138 764 330
person 534 116 561 227
person 1532 180 1638 504
person 1564 188 1681 540
person 243 142 303 371
person 1203 164 1280 437
person 753 117 778 224
person 390 112 415 215
person 814 123 844 249
person 538 114 564 217
person 1358 147 1417 347
person 312 115 343 234
person 1384 202 1513 620
person 1424 173 1518 477
person 675 120 704 242
person 436 120 469 252
person 1298 162 1376 427
person 696 120 725 239
person 413 111 438 210
person 246 116 277 237
person -22 149 53 411
person 805 141 852 338
person 642 140 691 341
person 344 115 374 232
person 1284 152 1349 376
person 1214 201 1334 620
person 753 135 796 312
person 221 163 302 473
person 732 142 782 349
