person 191 162 272 470
person 700 119 728 237
person 498 116 526 231
person 1408 172 1501 470
person 903 125 934 257
person 764 131 803 294
person 704 121 734 246
person 818 126 851 265
person 742 127 777 273
person 1511 173 1608 471
person 972 127 1006 264
person 137 113 168 230
person 590 116 617 227
person 875 140 921 332
person 216 213 349 718
person 178 113 208 226
person 367 115 396 228
person -24 147 50 406
person 516 116 544 226
person 842 137 885 320
person 465 117 494 234
person 935 124 966 253
person 673 122 704 249
person 79 111 108 219
person 883 142 930 341
person 707 136 751 318
