person 410 117 441 238
person -64 167 34 502
person 703 120 732 240
person 738 120 766 237
person 657 116 682 222
person -70 189 54 611
person 514 118 543 238
person 381 118 413 242
person 907 229 1041 770
person 660 119 689 238
person 632 120 661 243
person 711 119 739 235
person 304 114 334 229
person 335 127 377 288
person 1286 165 1367 441
person 365 128 407 294
person 1082 223 1222 735
person 1704 340 2059 1283
person 15 141 80 372
person 767 119 793 231
person 247 111 273 214
person 332 111 358 213
