person 358 128 400 294
person 1730 258 1959 883
person 1253 154 1319 385
person -1 -1 -1 -1
person 734 120 762 237
person 272 112 299 219
person 765 122 795 248
person 1914 219 2091 679
person 709 119 737 235
person 946 186 1039 557
person 376 116 407 236
person -65 167 33 504
person 614 120 644 243
person 727 118 754 229
person 389 113 416 216
person 693 120 722 243
person 315 112 342 217
person 332 126 374 288
person 1525 271 1756 952
person 824 189 917 578
person 514 119 545 242
person -84 189 41 613
person 126 135 180 339
person -1 -1 -1 -1
person 359 112 386 216
person 655 120 684 240
person 846 121 874 241
