person 551 134 595 316
person 336 149 401 401
person 411 129 453 296
person 402 177 493 534
person 258 173 349 522
person 218 152 288 420
person 813 124 844 258
person 673 140 722 342
person 719 118 746 230
person 809 141 856 338
person 480 115 507 222
person 773 143 823 352
person 1098 142 1148 332
person 1738 198 1876 583
person 238 127 281 295
person 679 132 719 299
person 758 123 789 253
person 712 138 758 328
person 712 123 744 255
person 447 115 475 224
person 723 124 755 261
person 1029 141 1077 330
person 5 190 125 617
person 809 138 852 323
person 888 123 918 248
person 569 146 625 374
person 735 132 774 297
person 652 118 680 233
person 117 152 189 425
