person 680 141 729 344
person 868 121 896 241
person 540 146 597 376
person 679 132 719 299
person 707 123 739 255
person 120 127 166 298
person 403 114 431 221
person 551 134 595 316
person 424 113 451 218
person 809 141 856 338
person 414 192 520 609
person 773 143 823 352
person 758 123 789 253
person 813 124 844 258
person 662 116 688 224
person 230 191 339 609
person 712 138 758 328
person 270 129 315 300
person 723 124 755 261
person 738 132 777 297
person 283 149 348 403
person 1026 145 1080 354
person 227 158 303 448
person 1098 146 1154 356
person 809 138 852 323
person 154 158 231 449
person 19 190 138 616
person 812 121 840 243
