person -36 147 38 406
person 335 117 366 239
person 764 131 803 294
person 461 114 487 220
person 852 138 895 324
person 635 117 662 230
person 807 141 854 340
person 865 140 911 333
person 452 115 479 224
person 714 127 749 273
person 398 114 426 225
person 141 112 170 222
person 1486 190 1603 553
person 829 122 858 248
person 177 162 258 471
person 600 120 631 244
person 528 114 553 217
person 744 135 787 315
person 15 266 218 986
person 111 112 142 227
person 751 125 784 266
person 951 129 987 274
person 794 123 824 252
person 840 125 872 259
person 576 120 607 246
person 1600 188 1719 542
