person 712 138 758 329
person 842 124 872 254
person 562 115 588 222
person 582 120 613 246
person 1384 149 1447 358
person 1376 166 1460 441
person 863 123 893 250
person -1 -1 -1 -1
person 10 164 100 486
person 1212 164 1289 436
person 766 144 817 356
person 356 113 383 220
person 555 134 600 314
person 782 140 829 338
person 688 117 714 225
person 547 117 575 230
person 1916 179 2031 482
person 675 116 701 223
person -34 148 41 410
person 676 141 725 344
person 567 116 595 227
person 837 121 865 241
person 1828 209 1986 634
person 1578 188 1696 542
person 1551 182 1661 514
person 556 121 588 250
person 1280 159 1353 412
person 768 131 806 291
person 1453 177 1553 494
person 808 137 851 323
person 1192 158 1263 411
