person 801 140 847 338
person 551 134 595 316
person 796 121 824 242
person 1169 137 1215 304
person 684 128 721 282
person 1580 167 1670 438
person 738 132 778 296
person 809 138 852 323
person 309 149 374 401
person 819 125 850 258
person 1658 166 1748 430
person 739 123 770 252
person 773 143 823 352
person 1468 171 1561 463
person 678 141 727 343
person 723 124 756 261
person 856 122 885 244
person 712 138 758 328
person 1605 175 1706 476
person 633 151 692 395
person 704 123 735 255
person 603 117 631 231
person 731 146 784 370
person 532 127 570 284
person 587 118 616 233
person 5 190 125 617
person 227 142 286 367
person 1062 136 1106 307
person 399 151 464 409
person 680 132 721 299
person 816 121 844 239
person 132 140 192 364
