person 1863 175 1971 468
person 704 138 750 330
person 899 126 931 261
person 938 125 969 254
person 755 117 780 224
person 1896 224 2081 707
person 549 134 594 316
person 531 113 556 213
person 264 130 311 310
person 657 140 706 342
person 1469 217 1622 689
person 1611 214 1767 671
person 726 119 754 237
person 423 115 452 226
person 801 124 832 258
person 1332 153 1399 379
person 826 126 859 266
person 759 131 798 294
person 482 113 507 215
person -34 148 41 411
person 847 141 894 339
person 349 162 425 461
person 756 143 807 354
person 496 113 521 214
person 1270 151 1334 373
person -1 -1 -1 -1
person 187 131 235 314
person 809 137 853 323
