person 667 122 698 250
person 427 111 452 207
person 1447 173 1541 474
person 641 118 669 231
person 780 143 830 352
person 813 137 856 323
person 683 141 732 344
person 846 123 876 250
person 758 131 797 292
person 1089 132 1129 284
person 381 111 407 210
person 719 138 765 328
person 1707 165 1797 424
person 1061 143 1112 340
person 747 118 773 227
person 328 162 406 465
person 416 111 440 208
person -39 148 37 411
person 519 117 548 234
person 794 140 840 337
person 810 124 841 258
person 562 133 607 312
person 1026 148 1082 367
person 1548 172 1644 466
person 960 148 1014 369
