person 875 172 951 489
person 857 123 887 251
person 341 113 369 221
person 596 120 627 245
person 1723 198 1860 583
person -1 -1 -1 -1
person 709 119 737 235
person 362 128 405 294
person 1253 148 1312 356
person 693 120 722 243
person 451 114 478 221
person 427 117 458 239
person 733 119 761 236
person -1 -1 -1 -1
person 911 123 941 249
person 332 126 374 288
person 92 111 122 222
person 684 121 714 247
person 182 131 230 315
person 1622 234 1807 765
person -48 167 49 503
person 383 113 410 219
person 1338 233 1505 776
person 735 173 813 501
person 784 120 811 235
person 288 113 317 223
person 1856 232 2051 749
person -77 189 48 612
person 655 120 684 240
person 104 113 136 232
