person 876 123 906 249
person 407 111 431 208
person 584 116 611 225
person 373 112 399 216
person 360 117 391 239
person 706 119 734 235
person 411 115 439 228
person 353 132 400 313
person 279 132 327 319
person 707 116 732 219
person 211 115 243 238
person 11 146 82 400
person 863 125 894 256
person 512 118 542 240
person 450 115 477 226
person -53 164 41 488
person 379 111 404 209
person 76 121 116 273
person 744 124 775 257
person 515 112 539 209
person 870 122 898 245
person 781 131 819 292
person 811 123 841 250
