person 722 138 768 327
person 1712 165 1802 424
person 1396 164 1478 430
person 443 115 471 227
person 439 111 463 207
person 1519 162 1600 414
person 554 124 589 267
person 933 124 964 253
person 465 113 491 216
person 1088 132 1128 283
person 552 134 597 314
person 332 162 410 465
person 775 143 825 352
person 933 127 966 265
person 381 113 408 221
person 810 137 854 323
person 753 121 782 242
person 434 112 459 211
person 809 140 856 336
person -40 149 37 413
person 679 141 728 345
person 417 112 442 212
person 493 120 525 246
person 762 131 800 292
