person 712 138 758 329
person 573 115 599 222
person 491 114 517 218
person 1284 182 1385 522
person 803 137 847 323
person 1435 180 1538 507
person 590 115 616 219
person 287 111 313 212
person 498 118 528 237
person 864 123 894 249
person 1277 173 1366 479
person 766 144 817 356
person -38 148 37 410
person 230 111 257 216
person 555 134 600 314
person 703 121 732 243
person 1175 171 1259 474
person 1544 182 1654 515
person 51 165 140 489
person 1141 178 1232 509
person 1735 169 1831 440
person 776 118 801 226
person 860 124 890 254
person 1571 188 1689 543
person 746 120 774 241
person 1562 165 1648 428
person 1541 155 1614 380
person 479 113 504 215
person 1411 152 1478 369
person 552 118 581 234
person 782 140 829 338
person 460 114 487 221
person 768 131 806 291
person 688 140 737 342
person -1 -1 -1 -1
