person 12 271 221 1013
person 1205 145 1260 344
person 823 123 853 250
person -5 146 66 400
person 943 125 975 257
person 814 127 848 271
person 477 120 509 249
person 450 115 477 224
person 110 115 143 240
person 817 124 848 256
person 737 117 763 225
person 266 112 293 219
person 1169 142 1221 333
person 363 272 552 1003
person 991 128 1026 267
person 754 117 779 222
person 213 112 242 223
person 1605 175 1706 476
person 296 112 323 217
person 229 115 260 235
person 410 115 438 226
person 207 116 239 238
person 979 134 1021 300
person 526 116 553 227
person 173 113 203 226
person -52 163 41 486
