person 1280 155 1348 389
person 736 117 762 226
person 616 122 647 252
person 582 122 615 256
person 1437 177 1536 492
person 609 116 636 225
person 606 117 634 231
person 785 140 832 337
person -30 148 45 410
person 766 144 817 356
person 1189 153 1254 386
person 909 125 941 258
person 555 134 600 314
person 610 118 638 235
person 808 137 851 323
person 1864 195 2002 566
person -1 -1 -1 -1
person 5 351 304 1402
person 717 117 742 223
person 676 141 725 344
person 83 164 169 484
person 704 138 750 329
person -1 -1 -1 -1
person 1406 161 1485 417
person 1788 200 1931 591
person 1551 182 1661 514
person 1542 188 1659 544
person 768 131 806 291
person 1298 160 1373 415
person 897 123 927 248
person 383 114 411 225
