person 873 139 917 328
person 1379 265 1591 929
person 771 131 809 291
person -27 149 48 415
person 526 116 554 229
person 415 113 441 217
person 1119 163 1193 439
person 826 125 857 258
person 1334 175 1428 487
person 384 111 409 210
person 1345 147 1405 349
person 593 119 623 238
person 178 113 209 229
person 764 118 790 227
person 304 110 329 208
person 1544 182 1653 512
person 1048 248 1214 861
person 248 113 277 224
person 753 117 778 224
person 1086 139 1134 319
person 170 116 203 240
person 288 113 317 223
person 5 156 87 448
person 202 163 284 475
person 611 134 654 312
person 271 111 297 212
person 1117 137 1162 308
person 1578 188 1696 542
person 805 141 852 338
person 1212 178 1306 510
person 1432 176 1530 489
person 563 116 590 226
person 723 138 769 330
person 680 145 733 365
person 1667 269 1906 935
person 634 140 683 341
