person -14 133 43 335
person 108 114 140 234
person 484 116 513 230
person 741 148 796 378
person 622 120 653 245
person -1 -1 -1 -1
person 35 116 72 249
person 769 121 798 244
person 668 117 695 229
person 679 149 736 386
person 474 114 500 220
person 601 119 631 242
person 434 116 463 233
person 1464 166 1550 439
person 352 128 394 294
person -116 190 14 620
person 526 118 556 240
person 1738 170 1836 447
person 1232 180 1329 518
person -1 -1 -1 -1
person 158 114 189 233
person 224 115 255 235
person 48 118 86 255
person -14 136 46 349
person 662 119 691 238
person 238 115 269 233
person 703 120 731 240
person 746 119 774 235
person -43 167 54 504
person 335 126 376 287
person 33 125 79 291
person 767 123 798 251
person 337 119 371 250
person 369 116 399 235
person 846 124 877 255
person 1540 184 1651 522
person 718 119 746 234
person 1385 181 1488 513
