person 445 113 470 216
person 773 131 811 291
person 267 136 319 336
person 605 123 639 259
person 874 139 918 328
person 756 135 798 312
person 718 138 764 330
person 478 113 503 214
person 1183 159 1254 414
person 1769 189 1894 537
person 580 118 609 233
person 756 118 782 227
person 814 122 844 248
person 753 117 778 224
person 1604 191 1728 557
person 1835 187 1960 525
person 1537 177 1639 490
person -1 -1 -1 -1
person 1057 178 1146 516
person 415 113 442 219
person 351 117 382 238
person 1352 147 1411 347
person 302 117 334 243
person 391 117 421 236
person 382 113 409 220
person 325 112 352 217
person 945 125 976 254
person -22 149 53 411
person 805 141 852 338
person 642 140 691 341
person 1199 181 1295 520
person 1432 174 1528 479
person 221 163 302 473
person 1314 181 1415 520
person 802 123 832 251
person 1281 159 1354 411
