person 657 119 686 239
person 502 118 532 237
person 760 119 787 231
person 942 126 975 259
person 376 119 409 248
person 140 113 170 228
person 520 113 545 213
person 15 146 86 400
person 1777 206 1929 623
person 906 127 939 266
person 508 120 540 246
person 499 115 526 223
person 842 122 871 246
person -53 164 41 488
person 493 137 542 335
person 527 136 574 326
person 631 120 662 245
person 265 123 305 276
person -1 -1 -1 -1
person 807 132 845 295
person 505 113 530 216
person 622 115 648 221
person 516 117 545 232
