person 770 143 820 352
person 799 140 845 337
person 342 126 382 285
person 351 112 377 214
person 546 114 572 218
person 304 126 345 288
person 501 114 527 218
person 764 118 789 226
person -18 149 57 412
person 711 138 757 328
person 449 114 476 222
person 317 163 396 471
person 406 114 433 224
person 150 159 229 455
person 556 133 600 312
person 593 114 618 215
person 762 131 800 291
person 843 122 871 245
person 222 112 250 222
person 808 137 851 323
person 675 141 724 345
person 1077 133 1118 288
