person 1006 144 1057 348
person 916 148 970 371
person 1087 132 1127 284
person 1552 181 1659 506
person 753 122 784 249
person 683 141 732 344
person 779 143 828 351
person 331 163 409 470
person 409 111 433 208
person 758 131 797 292
person 719 138 765 328
person 686 121 715 244
person 740 117 766 225
person 1707 165 1797 424
person 890 146 941 364
person 596 116 623 227
person -24 149 52 416
person 810 137 854 323
person 422 110 446 204
person 351 111 376 209
person 470 117 499 233
person 870 126 902 264
person 794 140 840 337
person 1645 182 1758 512
person 562 133 607 312
