person 454 118 485 241
person 721 167 794 471
person 144 115 176 236
person 299 113 328 224
person 848 165 918 459
person 713 122 743 249
person 1782 225 1962 715
person 362 128 405 294
person 709 119 737 235
person 889 124 919 250
person 693 120 722 243
person 1540 219 1699 696
person 1647 189 1769 545
person 530 117 558 231
person 108 111 137 219
person 1296 220 1444 710
person 393 114 420 221
person 457 114 483 222
person 332 126 374 288
person -31 167 64 502
person -1 -1 -1 -1
person 99 111 129 222
person 1280 146 1338 348
person 733 119 761 236
person 945 125 976 254
person -77 189 48 612
person 655 120 684 240
person 632 121 663 250
person 349 114 377 223
person 854 121 882 242
person 187 129 233 306
