person 639 120 669 243
person 334 112 361 214
person 774 122 805 250
person 298 112 325 217
person 1315 144 1372 337
person 115 126 159 293
person 764 131 803 294
person 223 125 265 287
person 700 118 727 229
person 6 163 95 480
person 594 116 621 226
person 470 113 495 214
person 791 118 817 229
person 116 116 150 243
person 803 122 832 245
person 649 119 678 237
person 532 115 559 222
person 137 113 167 229
person 573 119 603 240
person 696 119 724 237
person 433 113 459 216
person 0 146 70 399
