person -36 147 38 406
person 443 116 471 229
person 184 227 333 789
person 486 116 515 229
person 764 131 803 294
person 666 121 696 246
person 126 113 157 229
person 678 119 706 236
person 720 126 755 271
person 853 142 900 342
person 496 115 523 223
person 168 113 197 225
person 847 137 890 321
person 355 115 384 231
person 924 126 956 263
person 896 124 926 251
person 1549 179 1654 498
person 563 115 590 224
person 1425 176 1523 491
person 722 135 766 316
person 177 162 258 471
person 797 126 830 266
person 634 121 665 247
person 870 124 901 255
person 875 140 921 332
