person 1373 414 1795 1653
person 764 131 802 292
person 1712 165 1802 424
person 805 122 834 244
person 681 141 731 345
person 437 112 462 211
person 1396 164 1478 430
person 442 115 469 225
person 350 162 427 463
person 429 118 461 243
person 1460 155 1531 381
person 468 113 494 216
person 555 134 599 314
person 775 143 825 352
person 813 140 859 337
person -35 149 41 413
person 810 137 854 323
person 853 126 885 262
person 1090 132 1129 283
person 427 112 452 212
person 712 138 758 329
person 486 112 510 207
person 505 123 540 264
person 493 117 522 232
