person 1712 165 1802 424
person 412 111 437 209
person 794 140 840 337
person 1408 167 1494 445
person 395 112 420 211
person 754 123 785 254
person 664 123 696 255
person 683 141 732 344
person 780 119 806 231
person 1065 148 1121 364
person 758 131 797 292
person 1089 132 1129 284
person 722 138 767 328
person 446 112 471 209
person 813 137 856 323
person 778 143 827 352
person -34 148 41 411
person 1129 141 1180 330
person 558 118 587 235
person 933 125 964 255
person 695 119 723 236
person 1010 147 1065 361
person 332 162 410 465
person 1483 165 1568 432
person 550 133 594 312
