person 551 134 595 316
person 736 132 776 296
person 176 212 310 719
person 809 138 852 323
person 525 146 582 378
person 813 124 844 258
person 708 138 754 328
person 809 141 856 338
person 773 143 823 352
person 743 120 771 239
person 618 115 644 221
person 1026 150 1084 377
person 679 132 719 299
person 758 123 789 253
person 344 112 371 217
person 710 123 742 256
person 376 112 402 215
person 723 124 755 261
person 167 148 234 401
person 808 120 835 237
person 156 128 202 302
person 1129 152 1192 383
person 666 140 715 342
person 19 190 138 616
person 368 217 501 735
person 284 166 366 484
