person 680 132 721 299
person 25 128 75 306
person 722 138 768 327
person 938 148 992 371
person 390 134 437 320
person 730 124 762 260
person 796 137 840 324
person 231 131 278 315
person 771 143 820 351
person 561 134 605 316
person 775 122 804 245
person 815 124 846 257
person 165 131 214 317
person 797 121 825 242
person 1378 157 1451 396
person 1310 153 1376 377
person 736 131 775 296
person 960 145 1012 354
person 983 129 1019 274
person 461 136 509 328
person 851 128 885 274
person 709 123 741 256
person 675 141 724 344
person 745 123 775 253
person 1047 138 1093 318
person 807 141 854 339
person -25 192 98 627
person 1350 148 1411 353
