person 760 131 798 292
person 499 113 524 214
person -26 148 49 411
person 652 123 684 256
person -1 -1 -1 -1
person 229 127 273 294
person -1 -1 -1 -1
person 1431 184 1539 531
person 737 143 787 355
person 557 134 602 314
person 710 138 756 330
person 152 127 196 296
person 348 113 376 222
person 755 117 780 224
person 94 112 124 227
person 349 162 425 461
person 323 111 348 209
person 834 141 881 340
person 812 137 855 322
person 485 113 510 215
person 1393 148 1455 352
person 764 124 795 256
person 1652 191 1777 555
person 1804 200 1947 591
person 534 113 559 213
person 302 111 327 212
person 879 128 913 274
person 1297 146 1355 344
person 657 140 706 342
person 1282 185 1385 537
