person 460 116 489 232
person -33 148 42 408
person 773 141 821 344
person 1819 177 1928 478
person 771 131 809 292
person 743 135 786 313
person 533 126 571 278
person 385 132 431 314
person 754 119 782 234
person 719 119 748 237
person 418 117 448 236
person 304 114 333 226
person 838 124 869 255
person 628 133 671 308
person 808 140 853 334
person 89 130 139 316
person 216 163 297 472
person 530 115 557 222
person 687 120 716 241
person 390 112 415 211
person 402 117 433 240
person 278 114 307 228
person 835 138 878 325
person 651 121 682 245
