person 433 118 464 240
person 1720 248 1932 830
person 293 112 319 216
person 290 122 328 268
person 831 140 876 334
person 186 162 267 470
person 637 127 674 280
person 746 135 788 313
person 470 117 500 236
person 618 125 653 269
person 762 131 801 294
person -1 -1 -1 -1
person -29 148 46 408
person 641 122 673 251
person 610 120 641 243
person 1847 238 2052 779
person 917 125 948 255
person 881 125 913 259
person 86 112 117 226
person 393 110 417 205
person 835 138 878 325
person 527 115 553 221
person 776 141 824 343
person 357 111 383 212
person 338 112 365 215
person 87 111 116 219
person 706 130 745 291
person 768 120 796 237
person 650 120 680 240
