person 758 118 784 227
person 1538 181 1646 510
person 1412 195 1534 585
person 471 114 497 219
person 680 140 729 342
person 552 134 596 314
person 458 114 485 221
person 693 145 746 365
person 1578 188 1696 540
person 1605 392 2029 1535
person -14 149 61 414
person 690 122 721 252
person 1431 175 1527 483
person 489 116 517 231
person 810 141 857 340
person 767 131 805 291
person 339 111 364 210
person 166 112 195 223
person 1228 198 1345 606
person 202 163 284 476
person 1003 174 1086 498
person 1323 152 1388 373
person 1001 133 1042 294
person 742 117 767 224
person 1207 361 1528 1402
person 273 112 300 217
person 67 113 99 232
person 717 138 763 330
person 885 139 930 329
person 952 134 993 301
person 231 112 259 219
