person 763 131 801 291
person 779 143 829 352
person 570 116 597 226
person 207 163 289 475
person 548 111 571 204
person 832 138 876 325
person 1049 131 1088 283
person 546 117 575 231
person -32 147 42 406
person 747 135 790 313
person 495 117 524 232
person 287 109 311 205
person 530 130 572 297
person 372 111 398 211
person 266 114 296 230
person 717 138 763 330
person 610 116 637 224
person 147 112 176 222
person 733 123 764 253
person 970 127 1003 263
person 46 134 102 335
person 208 112 237 220
person 245 115 276 234
person 306 114 335 228
person 794 140 840 334
