person 758 131 796 293
person 355 112 381 214
person 469 113 494 216
person 326 162 404 463
person 800 140 846 337
person 1421 161 1499 413
person 1097 132 1137 285
person 1709 165 1799 423
person 792 144 842 355
person 595 118 624 235
person 708 120 737 240
person 930 124 960 251
person 657 121 688 248
person 1240 245 1415 835
person 605 113 629 212
person 1445 150 1510 359
person 307 112 334 214
person 482 113 507 214
person 486 122 520 261
person -35 149 41 413
person 312 115 343 234
person 676 141 725 345
person 712 138 758 329
person 389 112 414 212
person 442 112 467 212
person 757 226 887 765
person 808 137 851 323
person 561 134 605 314
