person 398 112 423 212
person 858 125 889 258
person 1621 171 1718 457
person 275 111 301 212
person -58 163 36 487
person 682 123 714 256
person 818 140 865 338
person 672 116 698 223
person 319 111 345 210
person 665 119 694 237
person 764 120 791 237
person 895 122 924 245
person 673 115 698 219
person -9 146 62 401
person 625 124 658 261
person 257 116 288 236
person 631 119 660 239
person 852 132 890 296
person 494 125 531 272
person 607 120 637 245
person 797 143 846 349
person 1850 218 2024 680
person 1792 167 1887 431
person 863 124 893 252
