person 1601 171 1697 458
person 1178 142 1231 332
person 758 131 796 292
person 1712 165 1802 424
person 452 112 476 209
person 324 112 351 217
person 609 124 643 265
person 1090 132 1129 283
person 454 113 480 216
person 778 143 827 352
person 398 114 425 222
person 552 134 597 314
person 900 123 929 249
person 813 137 856 323
person 1399 164 1481 431
person -34 148 41 411
person 866 122 895 245
person 328 162 406 465
person 704 120 732 239
person 1012 129 1048 271
person 675 141 724 345
person 560 121 592 249
person 1120 141 1170 326
person 804 140 850 337
person 724 138 770 328
person 398 112 423 212
