person 8 146 78 396
person 568 118 597 236
person 355 112 381 215
person 472 119 504 247
person 778 117 803 223
person 744 122 774 250
person 610 122 642 254
person 713 158 779 430
person 130 113 160 228
person 895 124 925 253
person -53 164 41 488
person 433 120 466 250
person 1242 140 1292 315
person 897 126 929 261
person 786 122 816 248
person 653 116 679 223
person 565 124 600 265
person 164 114 196 235
person 511 119 541 242
person 538 118 568 239
person 569 156 635 426
person 616 121 647 248
