person 861 121 889 241
person 789 124 820 256
person -33 148 42 408
person 776 141 824 343
person 234 124 274 281
person 76 110 105 219
person 597 131 638 298
person 746 135 788 313
person 822 140 868 334
person 344 109 368 202
person 479 113 504 216
person 838 123 867 250
person 894 123 924 247
person 840 138 883 324
person 608 129 646 287
person 299 111 325 212
person 181 162 262 470
person -1 -1 -1 -1
person 544 119 574 241
person 411 116 440 232
person 765 131 804 294
person 587 118 616 237
person 79 112 110 227
person 583 125 619 271
person 562 120 593 247
person 380 117 411 236
person 319 110 344 208
person 254 111 280 213
person 680 118 707 232
