person 503 114 528 216
person 753 117 778 224
person 773 131 811 291
person 764 118 790 227
person 874 139 918 328
person 718 142 768 351
person 1271 154 1338 386
person 1237 207 1367 651
person 1013 204 1128 644
person 201 145 264 384
person 660 119 688 236
person 1218 166 1298 447
person 767 122 796 246
person 1564 188 1681 540
person 635 119 664 240
person 1285 162 1362 427
person 338 115 367 230
person 506 115 533 225
person 221 163 302 473
person 1424 173 1518 477
person 1548 182 1657 512
person 1293 145 1350 342
person 381 111 406 210
person 309 112 336 214
person -22 149 53 411
person 302 115 332 233
person 805 141 852 338
person 642 140 691 341
person 721 138 766 330
person 232 115 264 236
person 371 112 397 213
person 684 134 727 310
person 1392 213 1536 673
person 383 119 416 249
person 1000 128 1034 266
