person 1242 147 1300 352
person -25 148 49 408
person 500 116 528 230
person 762 118 787 226
person 1480 236 1659 782
person 193 121 232 268
person 812 141 858 338
person 1405 152 1472 369
person 237 117 270 244
person 715 138 761 330
person 465 117 494 237
person 515 114 541 220
person 327 162 405 464
person 1625 227 1800 732
person 554 134 599 315
person 500 120 532 248
person 465 114 492 221
person 1100 136 1144 304
person 666 140 715 344
person 771 144 822 357
person 1309 147 1369 352
person 521 116 549 226
person 113 119 150 258
person 772 131 810 291
person 816 138 860 323
