person 395 112 421 215
person -27 149 48 415
person 650 140 699 340
person 1702 292 1980 1048
person 252 111 278 212
person 1432 176 1530 489
person 510 116 538 226
person 236 113 264 222
person 777 124 808 256
person 805 141 852 338
person 771 131 809 291
person 1326 182 1428 522
person 288 113 316 221
person 1541 182 1650 513
person 184 165 268 483
person 135 115 167 238
person 870 139 915 328
person 753 117 778 224
person 527 115 554 223
person 1072 136 1116 305
person 1296 148 1357 356
person 170 113 199 226
person -82 158 8 463
person 588 134 632 313
person 553 118 582 235
person 1030 137 1074 310
person 1189 183 1288 536
person 1108 280 1316 1013
person 1439 296 1699 1080
person 1079 166 1156 455
person 723 138 769 330
person 662 145 715 366
person 1578 188 1696 542
person 764 118 790 227
