person 252 118 285 248
person 954 126 986 260
person 218 115 250 237
person 345 118 378 244
person 549 117 578 232
person 308 115 337 229
person 363 114 391 227
person 956 125 988 256
person 549 114 575 218
person 986 128 1021 270
person -1 146 70 400
person 376 114 404 224
person 515 117 544 234
person 282 115 313 234
person 1067 137 1112 308
person 620 122 653 256
person 1533 160 1612 406
person 745 117 771 224
person -64 164 31 488
person 345 117 376 240
person 625 118 653 235
person 350 201 467 657
person 586 203 698 656
