person 426 145 484 376
person 137 137 193 348
person 1075 137 1120 308
person 770 143 820 352
person 233 138 288 349
person 670 119 698 235
person 890 122 919 245
person 783 128 818 277
person 797 137 841 323
person 723 124 755 260
person 683 140 731 343
person 718 123 749 255
person 819 146 871 366
person 754 123 785 253
person 650 119 679 236
person 553 134 597 316
person 1508 167 1596 440
person 636 128 674 281
person 730 131 769 294
person 334 143 392 369
person 1400 165 1482 434
person 874 123 903 247
person 820 124 851 258
person 1671 162 1756 411
person 1524 158 1601 397
person 755 150 812 389
person 19 190 138 616
person 675 132 716 299
person 796 140 842 338
person 1509 160 1589 409
