person 768 143 818 351
person 268 119 303 252
person -30 148 45 410
person 678 141 727 345
person 293 110 319 208
person 642 129 681 288
person 711 138 757 328
person -1 -1 -1 -1
person 769 118 795 226
person 1074 133 1115 288
person 258 110 284 210
person 615 117 643 231
person 231 119 266 254
person 321 163 400 470
person 441 111 465 205
person 758 120 786 238
person 560 133 604 312
person 401 111 426 210
person 194 110 220 213
person 762 131 800 291
person 809 140 856 336
person 808 137 851 323
person 315 110 340 205
