person -36 147 38 406
person 709 123 741 255
person 798 129 835 283
person 764 131 803 294
person 776 141 824 343
person 101 111 130 219
person 497 119 527 242
person 862 122 891 243
person 746 135 788 313
person 388 113 415 219
person 680 127 716 276
person 519 118 549 239
person 1728 217 1894 678
person 451 112 475 209
person 721 121 751 243
person 182 162 263 471
person 325 120 360 255
person 1597 216 1755 678
person 682 121 713 248
person 831 140 876 334
person 94 112 124 225
person 676 125 711 268
person 977 126 1010 261
person 340 113 367 219
person 835 138 879 324
person 396 112 422 215
person 568 116 594 223
