person 395 119 428 248
person 349 128 391 293
person 685 118 711 230
person 455 116 484 230
person 528 119 558 243
person 668 121 699 247
person 1355 162 1434 422
person 424 118 455 242
person 331 127 373 289
person 52 118 90 255
person -14 133 43 335
person 579 135 625 322
person 1201 159 1272 413
person 370 120 405 256
person -13 169 84 514
person 487 119 519 245
person 110 116 144 243
person -101 190 27 620
person -1 -1 -1 -1
person 510 122 544 256
person 0 136 59 348
person -1 -1 -1 -1
person 604 119 634 241
person 36 125 82 291
person 659 135 703 316
person 766 121 795 245
person 666 119 695 238
person 29 116 66 250
person 1390 166 1475 442
person 218 114 249 233
person 818 124 850 257
person 776 120 804 238
person 720 119 748 234
person 602 120 632 242
