person 602 120 633 243
person 673 119 701 239
person 170 114 200 230
person 604 116 630 223
person 357 112 384 217
person 723 120 752 239
person 443 113 470 218
person 764 131 803 294
person 841 122 870 247
person 6 163 95 480
person 677 121 707 245
person 810 123 840 252
person 110 115 144 242
person 499 113 524 214
person 149 127 194 296
person 228 127 271 292
person 809 119 835 230
person 717 119 745 232
person 559 115 585 224
person 321 113 348 219
person 1319 143 1374 330
person 0 146 70 399
