person 479 116 507 228
person 492 118 522 238
person -25 148 49 408
person 352 161 428 458
person 762 118 787 226
person 812 141 858 338
person 1689 225 1864 719
person 1406 153 1475 378
person 666 140 715 344
person 431 118 463 243
person 1223 149 1284 362
person 715 138 761 330
person 554 134 599 315
person 200 122 239 273
person 1517 239 1703 797
person 279 118 312 246
person 500 115 527 225
person 1284 149 1345 361
person 1058 136 1102 303
person 453 114 479 220
person 771 144 822 357
person 113 119 150 258
person 772 131 810 291
person 816 138 860 323
