person 330 163 408 468
person -1 -1 -1 -1
person 1433 215 1581 679
person 432 117 461 234
person 189 121 227 264
person -25 148 49 408
person 762 118 787 226
person 550 117 579 233
person 1546 215 1700 674
person 812 141 858 338
person 1392 259 1597 899
person 549 115 575 222
person 106 118 143 254
person 666 140 715 344
person 715 138 761 330
person 554 134 599 315
person 490 115 517 223
person 462 113 488 217
person 526 114 552 217
person 1406 149 1470 357
person 554 117 582 229
person 1129 137 1175 306
person 1261 145 1318 341
person 198 116 231 242
person 550 121 582 250
person 1781 198 1922 584
person 771 144 822 357
person 1346 281 1576 1009
person 1666 209 1818 644
person 772 131 810 291
person 816 138 860 323
