person 1325 150 1389 366
person 773 131 811 291
person -1 -1 -1 -1
person 718 121 748 245
person 874 139 918 328
person 855 123 885 251
person 367 116 397 234
person 756 135 798 312
person 1205 193 1315 581
person 718 138 764 330
person 1294 161 1370 422
person 264 116 296 238
person 753 117 778 224
person 575 115 601 220
person 330 116 360 236
person 254 140 311 358
person 764 118 790 227
person 396 113 423 216
person 1204 162 1279 428
person 739 121 768 242
person 1424 173 1518 477
person 1523 179 1627 498
person -22 149 53 411
person 1585 189 1705 546
person 1336 193 1453 578
person 336 112 363 217
person 1029 190 1129 574
person 554 117 581 229
person -1 -1 -1 -1
person 642 140 691 341
person 404 112 430 212
person 805 141 852 338
person 434 112 459 212
person 221 163 302 473
person 499 121 532 253
