person 762 122 791 248
person 595 117 622 228
person 554 133 598 313
person 1097 132 1137 285
person 619 160 688 442
person 473 113 498 215
person 760 144 811 355
person 612 116 639 225
person 1746 220 1918 693
person 715 138 761 330
person 379 114 407 226
person 470 155 537 423
person 530 113 555 214
person 488 113 513 214
person 1526 219 1684 695
person 563 117 591 229
person 340 162 417 462
person 749 131 788 293
person 810 137 854 323
person 1711 165 1801 423
person 758 117 784 225
person 807 140 853 337
person -21 148 53 411
person 590 123 623 258
person 679 141 728 345
person 313 111 339 211
