person 879 123 908 247
person 879 190 974 582
person 1286 150 1349 367
person -9 149 65 412
person 402 114 429 221
person 715 138 760 329
person 486 113 512 214
person 962 126 994 257
person 1709 165 1799 423
person 524 113 549 214
person 472 114 499 219
person 506 122 540 259
person 1095 132 1135 285
person 583 181 673 546
person 783 145 835 362
person 741 121 770 243
person 523 118 553 239
person 685 115 710 218
person 676 141 725 345
person 749 131 788 293
person 800 140 846 337
person 471 113 496 216
person 808 137 851 323
person 561 134 605 314
person 331 162 408 462
person 455 114 482 221
