person 558 134 602 315
person -133 198 8 660
person 455 130 498 302
person 727 131 766 295
person 1285 149 1346 358
person 868 122 897 245
person 140 128 187 304
person 1364 153 1432 379
person 946 128 981 270
person 81 130 131 316
person 755 123 786 253
person 822 125 853 258
person 676 132 716 300
person 781 143 831 351
person 738 124 770 260
person 995 147 1049 361
person 1033 144 1084 345
person 493 132 537 310
person 816 141 863 339
person 790 137 834 324
person 715 123 747 256
person 222 129 268 304
person 837 123 866 249
person 996 140 1043 326
