person 809 127 842 269
person 334 112 361 218
person 870 122 899 246
person -58 163 36 487
person 357 117 389 240
person 909 133 948 298
person 1563 159 1642 401
person 364 112 391 215
person 768 122 798 245
person 1744 196 1879 576
person 451 113 477 217
person 807 125 839 261
person 106 110 134 214
person 734 116 759 221
person 737 117 763 225
person -9 146 62 401
person 104 113 135 229
person 694 122 724 249
person 693 121 722 244
person 637 126 672 272
person 72 110 101 218
person 992 142 1041 339
person 996 145 1048 354
