person 425 115 453 228
person -36 147 38 406
person 551 115 577 220
person 764 131 803 294
person 120 113 151 228
person 1461 183 1569 522
person 657 118 685 233
person 710 127 745 273
person 875 140 921 332
person 349 116 379 235
person 1000 128 1036 270
person 831 124 862 253
person 160 112 189 223
person 482 114 508 222
person 639 120 669 244
person 829 142 876 342
person 854 138 897 323
person 1578 184 1691 523
person 599 121 630 247
person 869 123 898 249
person 744 135 787 315
person 177 162 258 471
person 124 246 294 884
person 883 126 915 262
person 777 126 810 265
person 468 115 495 226
