person 375 117 406 237
person -53 167 44 502
person 709 119 737 235
person 1357 172 1447 470
person 398 112 424 215
person 652 119 681 240
person 288 114 317 226
person 476 114 502 218
person 367 128 409 293
person 704 120 733 240
person 375 114 403 222
person 747 118 773 229
person 332 126 374 288
person 237 111 263 213
person 736 120 764 237
person 950 238 1098 815
person 342 112 368 214
person -84 189 41 613
person 343 117 374 241
person 1176 239 1340 810
person 622 119 652 241
person 943 126 975 260
person -68 144 4 389
person 489 117 518 235
