person -36 147 38 406
person 522 119 553 243
person 752 121 782 245
person 118 111 147 221
person -211 327 91 1290
person 831 140 876 334
person 743 135 786 313
person 776 141 824 343
person 897 123 926 246
person 543 119 574 240
person 1682 207 1832 633
person 1561 206 1704 633
person 764 131 803 294
person 403 113 430 220
person 360 113 388 221
person 182 162 263 471
person 703 125 737 267
person 755 124 787 256
person 712 122 743 249
person 414 113 441 216
person 591 116 618 226
person 99 112 129 226
person 838 138 881 324
person 474 112 498 211
person 334 119 367 250
person 696 127 731 275
person 849 129 884 279
