person 646 116 672 224
person 583 137 630 329
person 540 114 565 217
person 978 126 1011 260
person 674 121 705 247
person 526 118 556 239
person 15 146 86 400
person 316 124 355 275
person 684 120 713 242
person 539 120 571 248
person 775 119 802 234
person 525 116 552 225
person 539 117 568 234
person -53 164 41 488
person 954 128 988 267
person 160 113 191 229
person -1 -1 -1 -1
person 423 120 456 250
person 807 132 846 295
person 560 139 610 339
person 555 113 580 214
person 1718 194 1851 568
person 880 123 910 249
