person 770 143 820 352
person 568 151 629 400
person -32 150 44 417
person 465 116 493 229
person 802 140 848 337
person 836 127 869 269
person 828 125 860 261
person 760 131 799 292
person 731 117 757 224
person 722 138 767 328
person 1059 132 1098 287
person 709 119 736 234
person 452 135 499 323
person 810 137 854 323
person 401 135 450 329
person 604 115 630 220
person 623 118 652 235
person 681 141 730 344
person 317 163 396 471
person 758 118 784 227
person 294 115 324 231
person 596 119 625 237
person 562 133 607 312
