person 1712 165 1802 424
person 1147 144 1200 340
person 1402 164 1484 431
person 620 121 651 251
person 328 162 406 465
person 869 122 898 244
person 394 112 419 211
person 280 111 306 214
person 450 112 475 209
person 796 140 843 337
person 552 134 597 314
person 655 119 683 237
person 813 137 856 323
person 778 143 827 352
person 1091 142 1141 334
person 756 131 794 292
person 1456 154 1527 379
person 1090 132 1129 283
person -39 148 37 411
person 358 112 384 216
person 807 121 836 243
person 1668 183 1782 512
person 675 141 724 345
person 652 124 686 262
person 429 113 455 215
person 724 138 770 328
