person 335 162 412 462
person 533 113 558 213
person 717 138 763 330
person 1378 195 1497 583
person 554 133 598 313
person 666 118 694 232
person 760 144 811 355
person 528 152 590 404
person 492 113 517 214
person 1709 165 1799 423
person 380 112 406 215
person 633 118 661 232
person 328 113 356 221
person -17 148 57 410
person 749 131 788 293
person 1102 132 1143 286
person 393 149 456 395
person 677 117 704 228
person 1578 198 1711 593
person 758 117 784 225
person 473 113 498 215
person 807 140 853 337
person 674 120 704 243
person 810 137 854 323
person 679 141 728 345
person 632 123 664 258
