person 1512 190 1630 555
person 511 114 537 221
person -25 148 49 408
person 1438 233 1611 769
person 469 113 494 213
person 693 141 741 343
person 1391 190 1505 560
person 631 119 661 240
person 553 134 598 315
person 812 141 858 338
person 1229 232 1388 774
person 1810 204 1960 613
person 462 114 489 222
person 261 164 342 477
person 557 116 585 228
person 761 117 787 225
person 1586 197 1718 587
person 352 115 381 229
person 636 119 665 236
person 715 138 761 330
person 722 123 754 256
person 159 118 194 253
person 1322 220 1471 708
person 609 117 636 227
person 1783 182 1898 502
person 347 111 372 209
person 771 144 822 357
person 1498 217 1652 689
person 1609 176 1711 481
person 772 131 810 291
person 816 138 860 323
