person 720 122 751 251
person 680 120 709 241
person 739 135 782 312
person 758 142 807 349
person 700 137 745 327
person 973 127 1007 264
person 549 119 579 243
person 600 125 635 267
person 762 121 791 242
person 803 120 830 238
person 1250 145 1306 342
person 803 140 849 337
person 1493 158 1569 395
person 450 119 481 245
person 1393 154 1462 381
person 1187 145 1243 347
person 695 118 723 232
person 873 139 918 329
person 650 139 698 339
person 615 120 645 244
person 1394 157 1468 398
person 644 119 673 236
person 221 163 303 475
person 767 131 805 291
person 621 123 655 260
person -19 147 54 406
person 671 124 704 262
person 378 120 411 252
