person -4 146 66 399
person 760 131 799 294
person 1292 150 1354 364
person 635 118 662 231
person 109 162 192 475
person 377 111 403 211
person 194 117 228 249
person 466 113 492 217
person 1420 148 1483 352
person 959 125 991 257
person 282 110 307 210
person 242 111 268 212
person 502 117 530 232
person 976 127 1010 264
person 672 120 702 243
person 164 123 204 275
person 595 118 624 237
person 615 117 642 229
person 702 116 727 222
person 546 118 575 236
person 633 116 660 224
person 99 123 141 281
person 719 120 748 238
