person 534 113 559 213
person 663 140 712 342
person 361 113 387 218
person 134 124 177 285
person 486 113 512 215
person 737 143 787 355
person 837 141 883 340
person 1596 175 1698 478
person -1 -1 -1 -1
person 521 121 553 254
person 213 115 244 233
person 777 131 815 291
person 236 125 277 285
person 1497 172 1592 466
person 1302 166 1384 442
person 1225 167 1306 455
person 560 134 604 314
person 353 162 430 461
person 753 117 779 224
person 812 137 855 322
person 926 131 963 287
person 653 121 685 250
person 713 138 759 330
person 506 113 531 214
person 381 112 408 215
person 297 112 325 217
person -21 148 53 411
