person 1721 166 1813 428
person 438 117 467 234
person 799 123 829 251
person 744 119 772 235
person 1225 176 1317 498
person 420 117 450 239
person 603 120 633 242
person 1343 176 1439 493
person 484 114 510 221
person 498 116 527 230
person 895 125 926 256
person 110 114 142 234
person 661 121 692 248
person 1419 160 1497 412
person 27 116 64 250
person -10 136 50 349
person 544 118 574 239
person 664 119 693 238
person -116 190 14 620
person 176 115 208 237
person 5 168 100 505
person 648 146 702 370
person 744 145 796 364
person 1479 180 1583 504
person 673 118 700 229
person 719 119 746 234
person 36 125 82 291
person 719 120 747 239
person 347 128 389 294
person 268 115 299 235
person 355 119 388 250
person 48 118 86 255
person 335 126 376 287
person -1 -1 -1 -1
person -10 133 46 335
person 801 122 831 246
person -1 -1 -1 -1
person 302 117 334 244
