person 265 111 291 213
person 1712 165 1802 424
person 776 121 805 240
person 1742 191 1870 550
person 340 112 366 214
person 666 124 700 261
person 1090 132 1129 283
person 450 112 475 209
person 557 133 602 313
person 648 122 679 252
person 760 131 799 292
person 796 140 843 337
person -39 148 37 411
person 845 121 873 240
person 323 162 401 465
person 1451 156 1524 391
person 813 137 856 323
person 778 143 827 352
person 634 119 663 237
person 1122 145 1176 347
person 1069 143 1120 339
person 675 141 724 345
person 399 112 424 211
person 429 113 455 215
person 724 138 770 328
person 1402 164 1484 431
