person 682 141 731 344
person 116 132 166 322
person 770 143 820 352
person 1272 146 1330 348
person 1023 146 1076 354
person 717 138 762 327
person 118 127 163 298
person 808 141 855 339
person 907 123 937 247
person 805 138 849 324
person -1 -1 -1 -1
person 757 123 788 252
person 559 134 604 315
person 732 124 764 260
person 820 124 851 257
person 1063 144 1114 343
person 518 131 561 303
person 205 128 250 298
person 714 123 746 256
person 984 141 1031 331
person 682 132 722 299
person 1374 153 1441 375
person 735 131 775 295
person 868 123 898 250
person 987 128 1022 269
person 487 129 528 294
