person -26 148 49 411
person 1264 164 1343 438
person 1383 167 1468 444
person 717 138 763 330
person 736 124 769 259
person 809 140 856 336
person 837 120 865 237
person 547 134 591 314
person 816 121 844 242
person 473 113 498 215
person 760 144 811 355
person 970 126 1003 259
person 790 121 819 244
person 348 138 400 343
person 488 113 513 214
person 758 117 784 225
person 749 131 788 293
person 810 137 854 323
person 533 113 557 214
person 1728 167 1821 431
person 517 117 546 234
person 344 162 421 461
person 237 137 292 345
person 670 141 720 345
person 567 116 594 226
