person 770 143 820 352
person 799 140 845 337
person 376 129 419 296
person 1015 128 1050 269
person 1080 133 1120 288
person 761 117 787 225
person 240 113 269 225
person 562 133 607 312
person 463 116 491 229
person 386 113 413 218
person 281 157 354 439
person 711 138 757 328
person 762 131 800 291
person 568 115 594 222
person 915 123 945 249
person 502 116 530 226
person -19 149 56 416
person 317 163 396 471
person 593 115 618 220
person 675 141 724 345
person 639 115 664 218
person 808 137 851 323
person 325 129 369 302
person 990 127 1024 263
