person 799 140 845 337
person 973 127 1006 262
person 1075 133 1116 288
person 530 114 556 217
person 293 125 333 282
person 329 111 355 212
person 767 143 817 352
person 330 125 370 279
person 678 141 727 345
person 94 160 176 465
person 711 138 757 328
person 571 113 596 213
person 805 121 834 243
person 556 133 600 312
person 421 114 448 220
person 216 112 245 221
person 472 113 497 216
person 371 114 399 222
person 321 163 400 470
person 762 131 800 291
person 808 137 851 323
person 767 118 793 226
person -18 149 57 412
