person 757 118 783 226
person 676 119 704 235
person 1283 146 1340 344
person 578 117 605 229
person 107 125 150 288
person 549 118 578 238
person 665 117 691 228
person 740 122 770 247
person 635 118 662 232
person 770 121 799 243
person 512 114 538 220
person 313 111 339 213
person 764 131 803 294
person 132 116 166 244
person 115 113 146 228
person 221 125 262 284
person 278 111 305 215
person 615 120 645 242
person 42 163 129 480
person 447 112 473 213
person 433 113 459 216
person 0 146 70 399
