person 770 143 820 352
person 607 115 633 221
person 386 130 430 304
person 494 117 522 232
person 802 140 848 337
person 597 116 624 225
person 332 131 378 309
person 660 115 685 219
person 962 127 996 266
person 711 138 757 328
person 762 131 800 291
person 412 114 439 221
person 981 128 1016 270
person -19 149 56 416
person 257 114 287 227
person 1072 133 1112 288
person 678 141 727 345
person 317 163 396 471
person 527 116 555 229
person 362 155 432 430
person 808 137 851 323
person 562 133 607 312
person 766 118 792 226
