person 1547 233 1727 767
person 808 140 854 337
person 1342 156 1413 392
person 753 131 792 293
person 763 117 789 225
person 339 161 416 461
person -1 -1 -1 -1
person 926 124 956 250
person 554 134 599 315
person 1267 155 1335 390
person 486 113 511 214
person 1697 229 1879 737
person 809 138 852 323
person 942 126 974 261
person 667 140 716 343
person 198 132 248 321
person 774 144 824 357
person 847 125 878 259
person 479 113 504 214
person 714 138 760 331
person 1806 172 1908 453
person 899 124 929 252
person 278 132 326 318
person 527 113 551 211
person -39 148 37 412
person 687 118 715 233
person 794 126 826 264
person 448 116 477 230
