person 103 112 133 225
person 861 138 905 326
person 770 122 801 250
person 333 113 361 219
person 796 127 830 269
person 792 124 823 254
person 364 113 391 217
person 646 139 695 339
person 859 123 889 250
person 387 112 413 214
person 744 135 786 312
person 217 163 298 475
person 140 113 170 227
person 882 130 918 281
person -28 148 46 406
person 1277 142 1330 325
person 686 124 719 259
person 628 135 673 320
person 727 123 758 253
person 699 126 733 269
person 767 131 805 291
person 1348 147 1408 346
person 805 140 851 335
person 507 115 534 222
person 415 112 440 212
person 904 123 933 245
person 763 142 813 349
