person 439 114 466 220
person 816 125 848 262
person 556 119 587 242
person 90 112 120 224
person 936 125 967 254
person 479 116 507 229
person 434 134 481 321
person 574 114 599 216
person 473 112 498 212
person 791 131 830 293
person 11 146 82 400
person 731 117 757 225
person 956 126 989 261
person 876 124 907 254
person -53 164 41 488
person 371 135 420 327
person 768 121 796 240
person 466 117 495 233
person 607 117 635 231
person 282 117 314 244
person 446 113 472 214
person 430 118 461 242
person 175 122 214 273
