person 443 117 472 234
person 614 119 643 238
person 77 110 106 219
person 899 122 928 245
person -33 148 42 408
person 776 141 824 343
person 601 125 636 271
person 746 135 788 313
person 873 124 903 252
person 599 121 630 249
person 619 128 656 283
person 81 112 112 227
person 370 110 394 203
person 268 123 307 274
person 833 125 864 259
person 827 140 873 334
person 762 131 801 294
person 342 111 367 211
person 1750 260 1982 888
person 181 162 262 470
person 320 111 346 213
person -1 -1 -1 -1
person 835 138 878 325
person 403 117 434 238
person 505 114 531 218
person 726 119 754 234
person 1901 254 2135 856
person 653 130 693 294
person 579 120 610 243
person 266 111 293 214
