person 558 121 590 252
person 803 140 850 338
person 1214 143 1267 334
person 57 111 88 223
person 666 125 700 268
person 454 117 484 234
person 1335 150 1399 365
person 646 139 695 339
person 92 112 122 224
person 873 125 904 256
person 504 113 528 212
person 700 122 731 249
person 207 163 289 476
person 758 142 807 349
person 323 111 348 210
person 301 111 327 212
person 1438 152 1506 369
person 264 111 290 211
person -28 148 46 406
person 735 127 770 274
person 354 110 379 207
person 742 135 784 312
person 873 139 918 329
person 1285 142 1338 328
person 687 121 717 245
person 626 121 657 248
person 753 122 783 246
person 861 123 890 248
person 733 125 766 264
person 678 137 724 324
person 787 120 815 238
person 1400 149 1463 357
person 767 131 805 291
