person 483 135 530 323
person 857 126 889 264
person 464 113 489 215
person 1840 214 2006 659
person 799 121 828 244
person 327 118 360 246
person 222 123 261 274
person 503 116 531 231
person 743 118 770 227
person 599 115 625 218
person 461 119 492 243
person 603 120 633 244
person -53 164 41 488
person 475 117 504 235
person 431 136 480 332
person 115 112 145 226
person 500 113 525 212
person 799 131 837 294
person 11 146 82 400
person 911 125 943 257
person 463 114 490 221
person 629 118 657 235
