person 770 143 820 352
person 878 127 911 268
person 705 116 730 223
person 280 114 310 230
person 561 118 590 236
person 370 134 418 323
person 883 126 915 262
person 802 140 848 337
person 446 115 474 226
person 588 118 616 233
person 760 131 799 292
person 439 134 486 321
person 722 138 767 328
person 770 118 796 226
person -24 149 52 416
person 810 137 854 323
person 671 118 698 231
person 1072 133 1112 288
person 681 141 730 344
person 317 163 396 471
person 604 115 630 220
person 562 133 607 312
person 499 152 562 406
