person 359 117 390 240
person -34 148 41 411
person -1 -1 -1 -1
person 480 113 505 214
person 435 114 462 221
person 644 139 693 339
person 755 143 805 351
person 1835 190 1965 542
person 216 163 297 472
person 1159 157 1227 407
person 1534 177 1635 489
person 763 131 801 291
person 1418 173 1512 476
person 696 118 723 228
person -1 -1 -1 -1
person 333 113 361 220
person 1622 189 1743 547
person 700 138 746 330
person 270 134 320 327
person 1070 173 1154 490
person 389 113 416 221
person 1253 157 1323 401
person 418 117 449 239
person 842 124 872 254
person 501 114 527 217
person 742 135 785 313
person 613 118 642 236
person 867 139 911 328
person 752 117 777 224
person 472 114 498 218
person 774 118 800 227
person 662 124 695 261
person 1210 177 1303 504
person 853 123 882 250
person 1714 183 1829 510
person 320 118 353 244
person 218 111 245 214
person 1307 176 1401 494
person 1745 181 1858 498
person 798 140 845 338
