person -69 164 26 488
person 332 114 360 225
person 521 117 549 230
person 313 117 345 242
person 259 115 290 233
person 1554 164 1639 423
person 922 126 955 259
person 742 116 767 221
person 489 117 518 233
person 316 116 347 238
person 525 114 550 216
person 304 213 434 716
person 210 117 244 246
person 537 218 665 731
person 579 122 611 255
person 192 115 224 235
person -5 146 66 400
person 598 118 627 235
person 738 117 763 224
person 1035 136 1078 307
person 945 128 980 271
person 362 114 390 222
person 285 114 314 228
person 942 125 973 256
