person 680 132 721 299
person 551 134 595 316
person 745 119 773 234
person 1702 177 1809 484
person 738 132 778 296
person 723 124 756 261
person 509 150 571 399
person 556 116 584 227
person 1113 138 1159 313
person 809 141 856 338
person 1545 181 1652 508
person 521 116 549 229
person 773 143 823 352
person 127 144 190 385
person 752 123 783 252
person 264 157 337 439
person 1683 184 1799 518
person 649 146 704 372
person 203 146 266 388
person 712 138 758 328
person 712 123 744 255
person 400 160 473 449
person 786 120 814 238
person 675 141 724 344
person 571 128 610 288
person 5 190 125 617
person 818 125 849 258
person 809 138 852 323
person 1809 176 1916 471
person 1065 137 1110 310
person 418 127 459 289
person 739 120 767 240
