person 770 143 820 352
person 477 136 526 331
person 637 150 695 391
person 435 138 485 339
person 802 140 848 337
person -32 150 44 417
person 760 131 799 292
person 770 126 804 268
person 731 117 757 224
person 722 138 767 328
person 638 120 668 241
person 810 137 854 323
person 776 125 809 261
person 477 116 505 231
person 681 141 730 344
person 317 163 396 471
person 754 118 780 228
person 749 120 777 237
person 315 115 345 232
person 562 133 607 312
person 653 119 682 237
person 1059 132 1098 287
person 597 115 623 220
person 1722 163 1809 412
