person 1175 141 1226 327
person 1891 209 2052 632
person 589 118 618 236
person 1083 146 1138 355
person 222 110 248 211
person 400 112 425 211
person 558 133 602 311
person 758 131 797 292
person 715 119 743 237
person 1089 132 1129 284
person 414 112 440 213
person 332 162 410 465
person 446 112 471 209
person 307 111 333 210
person 813 137 856 323
person 778 143 827 352
person -34 148 41 411
person 1714 165 1804 424
person 1395 165 1479 438
person 681 141 730 344
person 1460 162 1541 418
person 1033 145 1086 352
person 794 140 840 337
person 713 123 745 254
person 791 119 818 234
person 665 123 698 258
person 724 138 770 328
