person 344 111 368 208
person 1724 188 1847 539
person 406 110 429 203
person 699 120 728 241
person 863 148 916 372
person 1104 133 1145 286
person 683 141 732 344
person 448 117 477 233
person 758 131 797 292
person 796 140 843 337
person 719 138 765 328
person 317 163 396 471
person 1707 165 1797 424
person 384 110 408 206
person 777 143 826 350
person 1596 186 1712 533
person -24 149 52 416
person 810 137 854 323
person 584 116 611 225
person 703 122 734 248
person 416 122 452 263
person 832 146 883 363
person 972 144 1023 351
person 900 127 933 268
person 739 117 765 224
person 562 133 607 312
person 365 123 402 268
