person 388 169 472 498
person 748 123 779 252
person 551 134 595 316
person 1824 195 1961 568
person 214 150 282 411
person 746 119 773 233
person 466 128 507 292
person 813 124 844 258
person 809 141 856 338
person 773 143 823 352
person 503 115 530 223
person 679 132 719 299
person 478 115 506 226
person 712 138 758 328
person 712 123 744 255
person 1662 190 1785 548
person 723 124 755 261
person 577 146 633 375
person 1100 140 1149 323
person 5 190 125 617
person 249 168 335 498
person 809 138 852 323
person 300 127 343 293
person 703 118 731 233
person 405 150 469 403
person 689 140 738 343
person 1045 139 1092 322
person 735 132 774 297
