person 1423 170 1512 458
person 431 117 462 237
person 1225 158 1295 408
person 1124 146 1180 353
person 729 122 759 249
person 644 139 693 339
person 722 119 749 232
person 1569 166 1658 435
person 755 143 805 351
person -21 148 53 409
person 216 163 297 472
person 1486 159 1563 402
person 1648 175 1751 477
person 559 114 585 219
person 1156 158 1226 413
person 501 116 529 229
person 477 121 510 252
person 418 120 451 253
person 579 117 607 229
person 455 116 483 230
person 1523 174 1620 473
person 537 121 569 250
person 1548 160 1627 404
person 742 135 785 313
person 1164 145 1219 345
person 1809 170 1908 444
person 766 131 804 291
person 695 137 740 326
person 740 117 766 225
person 1668 168 1762 439
person 304 126 345 286
person 871 139 915 327
person 619 116 646 226
person 1300 158 1372 404
person 289 114 318 229
person 798 140 845 338
