person 893 126 926 264
person 401 159 473 445
person 323 115 353 229
person 1109 144 1163 344
person 662 121 692 248
person 93 113 125 229
person 693 121 723 243
person 713 120 741 239
person 771 123 801 253
person 186 162 266 468
person 968 137 1012 316
person 765 131 804 294
person 923 124 954 251
person 946 126 979 260
person 331 111 357 213
person -10 147 62 402
person 1354 150 1417 361
person 284 116 315 237
person 1027 141 1076 333
person 592 113 616 211
person 520 132 564 309
person 247 116 279 240
person 1447 150 1512 361
person 816 127 850 271
person 205 112 233 219
