person 558 115 584 223
person 1851 202 1999 598
person 730 117 756 224
person 622 120 652 245
person 863 123 893 249
person 484 124 520 269
person 711 119 739 236
person 779 143 828 350
person 364 109 388 201
person 562 133 607 312
person 1709 165 1799 423
person 896 146 948 364
person 703 144 755 357
person 722 138 767 328
person 409 116 438 233
person 971 128 1006 269
person 696 146 750 371
person 524 123 559 262
person -24 149 52 416
person 1102 132 1143 286
person 871 122 899 242
person 346 110 370 203
person 317 163 396 471
person 675 141 724 345
person 807 140 853 337
person 763 131 801 292
person 810 137 854 323
person 1723 203 1869 612
person 307 110 332 205
