person 1442 168 1529 447
person 624 121 655 247
person 663 140 712 342
person 1221 163 1297 431
person 402 113 428 217
person 486 113 512 215
person 1566 170 1660 456
person 737 143 787 355
person 954 132 992 290
person -1 -1 -1 -1
person 362 161 438 460
person 251 115 282 234
person 777 131 815 291
person 475 121 508 253
person 829 141 876 340
person 505 113 530 214
person 289 112 315 216
person 560 134 604 314
person 812 137 855 322
person 378 113 405 220
person 238 125 280 285
person 1308 162 1386 424
person 534 113 559 213
person 713 138 759 330
person 136 123 177 279
person -21 148 53 411
