person 758 118 784 227
person -27 149 48 415
person 1753 262 1988 898
person 672 140 721 342
person 817 138 861 323
person 742 117 767 224
person 218 110 244 210
person 1490 166 1576 436
person 1554 163 1638 417
person 549 134 594 314
person 1439 176 1537 488
person 772 128 807 279
person 1688 170 1784 447
person 1541 259 1756 891
person 828 122 857 246
person 371 112 397 213
person 524 118 554 240
person 1578 188 1696 540
person 1845 174 1951 460
person 197 163 280 477
person 750 143 800 355
person 1489 163 1571 420
person 810 127 844 273
person 1246 142 1299 327
person 258 110 284 209
person 344 112 371 218
person 811 141 858 340
person 783 205 892 660
person 1544 182 1653 512
person 763 131 801 291
person 197 110 224 213
person 717 138 763 330
person 347 112 373 214
person 756 120 784 237
person 1292 146 1350 347
person 814 123 844 249
