person 171 114 202 233
person -5 146 66 400
person 1018 136 1061 306
person 573 117 601 233
person 892 125 923 257
person 1244 142 1297 327
person 278 117 310 241
person 495 116 523 228
person 742 116 767 221
person 219 225 365 781
person 491 113 516 215
person 274 116 305 237
person 226 114 257 231
person -64 164 31 488
person 1558 167 1647 436
person 1303 145 1360 340
person 462 116 491 231
person 504 232 647 801
person 335 113 362 220
person 304 113 332 223
person 908 128 942 271
person 738 117 763 224
person 178 116 211 244
person 539 121 571 254
person 894 124 925 254
person 263 114 292 227
