person 667 133 709 307
person 784 122 813 245
person -1 -1 -1 -1
person 521 119 551 243
person 0 136 59 349
person 160 116 194 245
person 722 119 750 234
person 685 118 711 230
person 479 117 508 232
person 353 128 395 293
person 403 121 437 256
person 560 133 603 311
person 54 118 92 255
person -94 190 34 619
person 339 127 381 289
person 877 126 908 261
person 403 118 435 243
person 605 120 635 243
person 799 121 827 240
person 1219 155 1286 396
person 252 115 283 236
person 666 119 695 238
person 442 119 474 248
person 1320 158 1393 404
person 36 125 82 291
person 29 116 66 250
person 442 119 474 245
person 621 119 650 241
person -177 226 2 800
person -17 133 40 336
person -13 169 84 514
person 553 122 587 258
person 695 122 726 249
person 489 119 520 245
person -1 -1 -1 -1
person 1377 163 1457 426
