person 191 162 272 470
person 1394 167 1479 445
person 896 142 944 343
person 734 122 764 248
person 947 126 980 258
person 764 131 803 294
person 475 117 505 235
person -24 147 50 406
person 760 127 794 272
person 703 122 734 251
person 730 120 758 240
person 111 112 141 222
person 675 135 719 318
person 835 126 867 265
person 156 114 187 231
person 44 113 77 232
person 1479 168 1567 447
person 534 116 562 227
person 618 117 646 230
person 851 137 894 318
person 875 140 921 332
person 513 117 542 233
person 193 113 223 227
person 263 201 383 658
person 379 114 407 224
