person 236 134 287 330
person 718 138 764 328
person 730 124 763 260
person 348 138 401 343
person 893 129 928 276
person -1 -1 -1 -1
person 749 123 780 252
person 785 140 832 339
person 716 123 748 256
person 797 137 841 323
person 1568 156 1643 382
person 676 141 725 344
person 1399 154 1468 379
person 555 134 600 316
person 1440 162 1520 417
person 716 120 745 241
person 1347 158 1421 405
person 153 134 206 331
person 816 124 848 258
person 450 140 503 348
person 750 128 785 277
person 770 143 820 352
person 676 132 716 299
person 1457 152 1526 371
person 732 120 760 238
person 837 149 891 381
person 19 191 138 619
person 887 146 938 360
person 1068 137 1113 312
person 722 131 762 296
