person 758 118 784 227
person 831 121 859 242
person 265 110 291 211
person 902 123 932 249
person 680 140 729 342
person 1629 163 1715 418
person 765 131 803 291
person 1453 157 1527 392
person 549 134 594 314
person 1439 176 1537 488
person 1724 165 1815 423
person 1415 159 1491 404
person 1344 227 1503 744
person 222 111 249 213
person 810 141 857 340
person 1578 188 1696 540
person 732 144 783 359
person 202 163 284 476
person 883 130 919 281
person 896 193 994 597
person 1536 158 1614 398
person -14 149 61 414
person 1579 227 1751 732
person 742 117 767 224
person 413 112 439 213
person 893 124 924 254
person 1544 182 1653 512
person 717 138 763 330
person 177 111 204 216
person 863 139 907 326
person 403 114 431 223
person 385 112 411 215
person 589 120 619 245
person 847 130 884 286
