person 758 118 784 227
person 661 122 692 250
person 202 163 284 476
person 1413 150 1478 363
person 229 111 257 217
person 963 132 1001 289
person 172 111 200 219
person 433 113 459 218
person 549 134 594 314
person 742 117 767 224
person 1471 205 1608 628
person 1328 393 1711 1552
person 1241 206 1369 646
person 810 141 857 340
person 1431 175 1527 483
person 1578 188 1696 540
person 1544 182 1653 512
person 1329 153 1396 380
person 1561 157 1637 389
person 267 111 294 215
person 767 131 805 291
person -14 149 61 414
person 458 115 486 227
person 319 111 344 209
person 21 112 54 230
person 680 140 729 342
person 717 138 763 330
person 450 113 476 216
person 904 123 933 246
person 916 133 955 295
person 681 144 733 361
person 884 139 929 328
person 968 180 1056 528
