person 534 117 562 232
person 1317 145 1374 339
person 208 127 252 298
person -1 -1 -1 -1
person 1288 207 1420 649
person 151 115 183 235
person 731 119 759 236
person 687 121 717 244
person 362 128 405 294
person 709 119 737 235
person 804 160 868 433
person 627 121 658 250
person 421 113 447 215
person 99 111 129 222
person 706 161 774 443
person 412 114 439 223
person 332 126 374 288
person 495 119 526 243
person 1561 181 1670 510
person 121 111 150 219
person -31 167 64 502
person 1697 210 1850 643
person 365 114 393 225
person 1499 208 1641 642
person 737 122 768 251
person -77 189 48 612
person 655 120 684 240
person 484 115 512 223
person 932 125 964 254
person 854 121 882 242
person 315 114 344 227
