person 941 129 977 275
person -18 193 105 629
person 824 124 855 257
person 679 132 719 299
person 235 133 284 323
person 771 143 820 351
person 729 124 762 260
person 796 137 840 323
person 919 146 970 359
person 452 138 502 338
person 749 123 779 253
person 901 149 956 378
person 1379 151 1445 368
person 765 120 794 240
person 553 134 597 316
person 719 138 765 328
person 715 123 746 256
person 161 132 211 323
person 362 136 412 332
person 1056 138 1102 314
person 1308 154 1376 387
person 1439 149 1503 354
person 731 131 770 296
person 682 141 731 344
person 807 128 842 276
person 1395 158 1469 401
person 734 121 763 242
