person 295 113 323 221
person -5 146 66 400
person 205 114 236 230
person 1212 142 1264 328
person 244 113 273 225
person 1592 171 1687 456
person 856 125 887 258
person 239 116 271 240
person 1249 145 1305 342
person 144 116 177 242
person -64 164 31 488
person 859 124 889 252
person 472 115 500 226
person 473 113 498 214
person 510 121 542 252
person 252 115 284 236
person 1004 135 1046 304
person 476 246 635 874
person 859 127 893 271
person 156 114 187 231
person 318 112 345 218
person 103 246 275 887
person 738 117 763 224
person 554 117 582 231
person 434 115 463 228
person 740 116 765 221
