person 411 112 436 213
person 1789 210 1948 644
person 798 121 827 240
person 697 120 726 239
person 683 125 717 264
person 716 124 748 258
person 293 111 319 214
person 1597 167 1687 437
person 295 116 326 237
person 695 117 721 224
person 872 144 921 352
person -58 163 36 487
person 877 133 916 298
person 634 121 664 247
person 871 141 918 337
person -9 146 62 401
person 911 124 942 254
person 651 120 680 241
person 541 125 577 272
person 707 116 732 220
person 331 111 356 211
person 904 125 936 259
