person 712 138 758 329
person 1505 160 1584 406
person 803 137 847 323
person 600 116 626 223
person 1289 176 1383 496
person 479 115 506 223
person 300 111 326 213
person 793 119 820 232
person 735 121 765 246
person 1677 164 1765 421
person 766 144 817 356
person 517 115 544 221
person -38 148 37 410
person 562 118 592 237
person 555 134 600 314
person 782 140 829 338
person 1544 182 1654 515
person 774 121 803 243
person 0 164 90 487
person 1152 173 1238 487
person 613 115 638 220
person 1171 168 1252 460
person 1440 179 1542 503
person 1253 169 1337 460
person 1415 149 1479 356
person 906 125 937 257
person 1574 188 1693 542
person 905 124 935 251
person 505 118 535 240
person 768 131 806 291
person 504 113 529 216
person -1 -1 -1 -1
person 213 111 240 215
person 688 140 737 342
