person 690 118 717 231
person 521 119 552 244
person 801 140 847 338
person 1506 169 1597 453
person 644 139 693 339
person 794 124 825 255
person 1416 164 1498 429
person 464 122 499 258
person 755 143 805 351
person -21 148 53 409
person 524 122 557 256
person 1171 141 1221 325
person 1427 152 1494 370
person 597 116 623 223
person 1249 154 1315 387
person 484 117 514 234
person 1322 154 1390 384
person 212 163 294 476
person 742 135 785 313
person 677 119 706 237
person 1130 143 1183 338
person 1144 153 1207 384
person 326 124 364 275
person 1580 169 1672 446
person 574 121 606 252
person 1469 159 1546 402
person 766 131 804 291
person 1573 158 1650 393
person 695 137 740 326
person 639 118 667 233
person 699 117 725 226
person 871 139 915 327
person 1494 153 1565 374
person 526 117 555 235
person 327 116 357 235
