person 758 118 784 227
person 409 113 435 217
person 1263 217 1405 697
person 1670 162 1754 408
person 680 140 729 342
person 1524 399 1948 1576
person 308 110 333 209
person 728 145 780 361
person 549 134 594 314
person 742 117 767 224
person 223 111 250 215
person 169 111 197 218
person 268 111 294 212
person 436 113 461 215
person -14 149 61 414
person 426 115 454 225
person 1578 188 1696 540
person 934 125 966 256
person 1544 182 1653 512
person 202 163 284 476
person 915 131 952 285
person 1518 155 1590 381
person 810 141 857 340
person 1434 153 1504 377
person 1375 156 1447 394
person 870 122 899 244
person 935 186 1027 560
person 616 121 647 247
person 928 124 958 252
person 717 138 763 330
person 765 131 803 291
person 863 139 907 326
person 1585 160 1665 402
person 1442 176 1540 488
person 884 132 922 291
person 1523 215 1675 676
