person -36 147 38 406
person 1506 198 1635 592
person 764 131 803 294
person 339 118 372 245
person 783 141 830 340
person 718 126 751 267
person 840 140 885 333
person 710 127 745 274
person 798 124 829 259
person 434 113 460 218
person 380 114 408 223
person 751 135 794 315
person 609 117 636 228
person 130 112 159 222
person 902 129 937 276
person 500 113 525 214
person 546 120 577 245
person 849 138 893 324
person 177 162 258 471
person 794 122 824 246
person 427 114 454 222
person -96 301 159 1164
person 569 119 599 242
person 1653 198 1789 589
person 754 123 784 251
person 106 112 137 227
