person 534 113 559 213
person 704 138 750 330
person 289 111 315 211
person 1868 208 2026 628
person 499 113 524 214
person 804 124 835 259
person 737 143 787 355
person -1 -1 -1 -1
person 557 134 602 314
person 657 140 706 342
person 868 127 902 270
person 1286 147 1345 350
person 63 112 94 225
person 701 123 733 257
person 1329 193 1445 577
person 374 114 402 225
person 1380 150 1444 361
person 759 131 798 294
person 1485 194 1609 576
person 834 141 881 340
person 812 137 855 322
person -1 -1 -1 -1
person 755 117 780 224
person 349 162 425 461
person 845 122 873 244
person 309 110 334 208
person -30 148 45 411
person 482 113 507 215
person 230 128 274 299
person 1732 201 1874 599
person 156 128 201 301
