person 720 119 748 233
person 572 120 603 246
person 739 135 782 312
person 696 137 741 327
person -15 147 58 406
person 675 124 708 262
person 1361 155 1430 386
person 445 112 470 209
person 655 119 684 239
person 643 124 677 264
person 650 139 698 339
person 796 121 825 244
person 626 126 662 271
person 803 140 849 337
person 1384 152 1451 373
person 637 120 668 245
person 492 120 524 247
person 835 121 863 240
person 1219 145 1275 344
person 873 139 918 329
person 764 123 795 253
person 1467 156 1540 387
person 221 163 303 475
person 767 131 805 291
person 758 142 807 349
person 695 121 724 243
person 1252 144 1307 335
person 405 119 437 246
