person 424 113 450 218
person -25 148 49 408
person 352 161 428 458
person 1741 262 1976 902
person 762 118 787 226
person 1412 157 1486 397
person 520 119 550 241
person 812 141 858 338
person 219 123 259 277
person 1032 135 1074 300
person 666 140 715 344
person 1558 158 1636 394
person 715 138 761 330
person 554 134 599 315
person 325 119 358 249
person 1280 152 1345 375
person 471 115 498 223
person 1226 152 1290 378
person 772 131 810 291
person 446 115 474 225
person 391 118 422 241
person 771 144 822 357
person 453 113 479 217
person 113 119 150 258
person 1567 260 1785 895
person 816 138 860 323
