person 368 140 423 354
person 809 140 856 336
person 815 120 842 237
person 552 134 596 314
person 248 139 304 353
person 670 141 720 345
person 488 113 513 214
person 1704 165 1794 424
person 473 113 498 215
person 760 144 811 355
person 755 121 784 242
person 791 121 819 240
person 549 118 579 237
person 1276 170 1362 464
person 527 115 554 224
person 340 162 417 462
person 749 131 788 293
person 1102 132 1143 286
person 533 113 557 214
person 810 137 854 323
person 758 117 784 225
person 717 138 763 330
person 1420 171 1511 465
person -17 148 57 410
person 716 124 748 258
