person 916 124 946 250
person 1476 164 1559 429
person 1072 137 1116 308
person 339 141 394 358
person 697 128 733 279
person 812 124 843 258
person 717 138 763 327
person 803 150 858 384
person 680 140 729 343
person 678 120 707 239
person 1611 159 1691 398
person 719 123 751 255
person 797 137 841 323
person 438 142 493 362
person 731 131 770 294
person 775 143 824 351
person 553 134 597 316
person -3 192 118 626
person 238 136 291 340
person 152 136 206 340
person 749 123 780 253
person 845 146 896 363
person 724 124 756 260
person 802 141 849 339
person 703 119 731 236
person 1487 155 1559 384
person 1366 161 1443 415
person 841 128 876 276
person 682 132 722 299
person 1450 157 1524 394
