person 758 131 796 292
person 1712 165 1802 424
person 442 113 468 215
person 595 121 626 249
person 1167 143 1220 335
person 450 112 475 209
person 778 143 827 352
person 833 121 861 242
person 305 112 331 216
person 552 134 597 314
person 629 124 663 265
person 813 137 856 323
person 1399 164 1481 431
person -34 148 41 411
person 1609 177 1713 484
person 682 119 711 238
person 1116 142 1166 331
person 882 123 911 246
person 328 162 406 465
person 1090 132 1129 283
person 675 141 724 345
person 1445 151 1511 364
person 804 140 850 337
person 724 138 770 328
person 379 113 406 219
person 398 112 423 212
