person 470 116 499 229
person 722 138 768 327
person 1712 165 1802 424
person 531 124 567 266
person 1396 164 1478 430
person 470 111 493 207
person 465 113 491 216
person 679 141 728 345
person 1088 132 1128 283
person 552 134 597 314
person 410 114 437 222
person 346 162 423 464
person 778 143 827 352
person -35 149 41 413
person 810 140 857 337
person 418 112 443 212
person 437 112 462 211
person 780 121 809 243
person 946 125 977 254
person 461 119 493 246
person 810 137 854 323
person 1481 157 1556 393
person 894 126 926 264
person 762 131 800 292
