person 519 115 545 223
person -25 148 49 408
person 1590 193 1716 568
person 365 112 391 212
person 693 141 741 343
person 618 117 646 229
person 553 134 598 315
person 812 141 858 338
person 473 113 498 214
person 1291 210 1426 661
person 1738 176 1844 474
person 1501 185 1613 532
person 228 164 310 479
person 761 117 787 225
person 1578 171 1673 459
person 674 119 703 238
person 454 115 482 223
person 715 138 761 330
person 328 114 357 227
person 1381 220 1534 709
person 660 120 689 242
person 1456 206 1595 637
person 1218 220 1362 716
person 1807 196 1946 573
person 151 117 186 249
person 1406 184 1514 531
person 660 118 688 234
person 771 144 822 357
person 816 138 860 323
person 772 131 810 291
person 779 124 810 258
