person 381 114 409 226
person 843 123 872 248
person 782 122 811 248
person 833 121 861 242
person 679 115 704 217
person 297 131 344 310
person 480 117 510 234
person 25 121 67 274
person 354 111 379 209
person 166 115 198 235
person -53 164 41 488
person 714 123 746 254
person 321 116 352 237
person 431 114 459 224
person 233 131 281 315
person 821 124 851 254
person 673 118 701 232
person 781 131 819 292
person 566 115 592 223
person 11 146 82 400
person 342 112 368 214
person 972 126 1005 260
