person 335 162 412 462
person 533 113 558 213
person 552 134 596 314
person 452 145 510 377
person 717 138 763 330
person 489 113 514 214
person 449 114 475 219
person 1703 165 1792 422
person 760 144 811 355
person 1460 182 1565 515
person 293 144 353 376
person 726 119 754 236
person 1311 179 1409 508
person 749 131 788 293
person 1102 132 1143 286
person 673 123 705 258
person 692 119 720 238
person 758 117 784 225
person 612 119 642 240
person 807 140 853 337
person 810 137 854 323
person 746 119 773 232
person 679 141 728 345
person 473 113 498 215
person -17 148 57 410
person 289 112 316 217
