person 1649 180 1758 497
person 551 134 595 316
person 773 143 823 352
person 1509 176 1609 484
person 621 128 659 286
person 738 132 778 296
person 552 117 580 231
person 1126 137 1171 307
person 1518 168 1608 448
person 723 124 756 261
person 214 144 275 378
person 1067 137 1112 308
person 786 120 814 236
person 126 142 188 375
person 809 141 856 338
person 678 141 727 343
person 1729 170 1827 446
person 280 153 350 421
person 695 146 749 371
person 558 150 618 396
person 712 138 758 328
person 393 155 462 425
person 473 127 513 286
person 5 190 125 617
person 818 125 849 258
person 582 117 610 229
person 809 138 852 323
person 709 123 741 255
person 680 132 721 299
person 822 121 851 242
person 766 121 794 242
