person 1164 184 1263 539
person 277 110 303 210
person 803 137 847 323
person 1810 174 1915 464
person 250 112 278 218
person 1435 180 1538 507
person 73 164 160 485
person 474 113 500 217
person 487 117 516 234
person 766 144 817 356
person -38 148 37 410
person 555 134 600 314
person 541 115 568 220
person 1544 182 1654 515
person 455 113 480 214
person 675 120 704 241
person 820 123 850 252
person 716 120 744 238
person 1190 175 1279 494
person 1431 155 1502 383
person 538 117 566 231
person 1571 188 1689 543
person 1303 186 1409 543
person 1623 170 1718 449
person 766 131 804 291
person 1273 176 1366 496
person 764 118 790 227
person 449 114 475 219
person 782 140 829 338
person 562 114 587 217
person 822 123 852 248
person 710 138 755 329
person 688 140 737 342
person 1570 158 1648 395
