person 717 122 748 250
person -33 148 42 408
person 743 135 786 313
person 776 141 824 343
person 287 110 312 206
person 268 110 294 211
person 521 117 550 233
person 795 120 823 237
person 360 115 389 229
person 602 116 629 227
person 797 121 826 242
person 492 119 523 244
person 205 162 285 468
person 435 112 460 213
person 69 110 98 218
person 840 138 883 324
person 478 118 508 237
person 920 125 952 257
person 555 126 592 274
person 631 130 672 296
person 324 115 354 231
person 498 131 542 306
person 765 131 804 294
person 820 140 865 334
person 170 127 215 296
person 756 122 786 246
person 1754 183 1872 511
person 44 112 75 225
person 218 110 244 210
