person 1182 151 1244 372
person 245 308 476 1182
person 643 118 671 234
person 109 164 194 482
person 1437 177 1536 492
person 637 119 665 238
person -1 -1 -1 -1
person 400 115 428 227
person 738 117 763 223
person 785 140 832 337
person -30 148 45 410
person 766 144 817 356
person 1554 182 1664 514
person 555 134 600 314
person 1827 189 1954 535
person 703 138 749 330
person 627 117 654 228
person 1751 192 1881 556
person 1311 157 1383 400
person 641 122 673 255
person 1292 152 1357 375
person 676 141 725 344
person 754 118 780 227
person 1381 159 1457 407
person 1542 188 1659 544
person 768 131 806 291
person 808 137 851 323
person 604 123 638 260
