person 695 149 752 387
person 591 115 617 220
person 773 143 823 352
person 735 117 760 224
person 675 120 704 242
person 802 140 848 337
person -32 150 44 417
person 475 140 527 348
person 733 124 765 261
person 760 131 799 292
person 507 138 556 336
person 722 138 767 328
person 334 115 364 232
person 697 119 725 238
person 1735 164 1824 418
person 789 121 817 241
person 1064 132 1104 286
person 810 137 854 323
person 711 125 745 267
person 681 141 730 344
person 317 163 396 471
person 747 118 774 229
person 562 133 607 312
person 502 117 531 234
