person 758 131 796 293
person 562 117 591 233
person 581 113 604 210
person 335 111 361 211
person 697 122 729 252
person 906 123 935 249
person 803 140 849 337
person 1438 163 1519 422
person 1097 132 1137 285
person 792 144 842 355
person 439 112 464 212
person 821 244 968 848
person 468 113 494 216
person 488 122 522 261
person 370 111 396 210
person 322 162 399 463
person 479 113 504 213
person -35 149 41 413
person 333 116 363 235
person 1419 150 1484 360
person 676 141 725 345
person 662 119 691 239
person 712 138 758 329
person 1714 165 1804 423
person 299 111 325 213
person 808 137 851 323
person 1368 258 1569 896
person 561 134 605 314
