person 284 124 324 278
person 323 124 361 275
person 771 121 800 241
person -30 148 45 410
person 1075 133 1116 288
person 317 111 342 211
person 551 113 576 211
person 808 137 851 323
person 767 143 817 352
person 208 112 236 219
person 796 140 843 337
person 711 138 757 328
person 397 113 424 218
person 42 163 129 480
person 939 127 973 266
person 442 113 468 215
person 561 133 605 311
person 678 141 727 345
person 507 114 532 216
person 321 163 400 470
person 762 131 800 291
person 767 118 793 226
person 360 113 387 220
