person 712 138 758 329
person 1207 167 1288 455
person 0 164 90 487
person 1460 179 1562 500
person 1276 162 1353 424
person 833 122 862 247
person 544 114 570 219
person 538 116 565 225
person 821 120 849 237
person 1426 153 1494 376
person 766 144 817 356
person 555 134 600 314
person 782 140 829 338
person 333 112 360 217
person 655 116 680 222
person 1548 182 1657 515
person 655 117 681 225
person 559 119 589 242
person -34 148 41 410
person 521 116 548 228
person 676 141 725 344
person 1173 161 1246 425
person 548 120 579 247
person 804 123 834 251
person 1339 169 1426 460
person 1578 188 1696 542
person 1563 156 1639 386
person -1 -1 -1 -1
person 768 131 806 291
person 808 137 851 323
