person 763 118 789 226
person 575 116 602 223
person 407 116 437 233
person 1532 203 1670 620
person 461 114 487 218
person 304 164 385 475
person 1420 204 1553 627
person -25 148 49 408
person 568 118 597 235
person 1160 137 1206 307
person 812 141 858 338
person 519 114 545 217
person 516 115 543 225
person 1299 260 1498 908
person 554 134 599 315
person 1361 244 1544 829
person 1743 189 1869 542
person 677 140 725 341
person 1606 262 1831 906
person 604 121 636 251
person 1286 144 1342 336
person 1913 195 2052 561
person 607 118 635 232
person 1589 229 1765 743
person 160 119 196 256
person 771 144 822 357
person 1666 209 1818 644
person 715 138 761 330
person 772 131 810 291
person 816 138 860 323
