person 712 138 758 329
person 815 120 842 235
person 1280 165 1361 442
person -5 164 85 487
person 515 114 541 217
person 1167 171 1250 473
person 1465 157 1539 393
person 1185 164 1262 440
person 629 115 654 220
person 766 144 817 356
person 1617 160 1698 402
person -38 148 37 410
person -1 -1 -1 -1
person 555 134 600 314
person 557 119 587 239
person 1312 174 1404 481
person 1548 182 1657 515
person 767 122 797 249
person 1447 179 1549 502
person 530 119 560 244
person 797 122 826 245
person 676 141 725 344
person 313 112 340 215
person 501 115 528 226
person 527 115 553 222
person 1574 188 1693 542
person 782 140 829 338
person 768 131 806 291
person 620 116 646 224
person 805 137 849 323
