person 737 120 765 237
person 867 125 898 258
person 1402 178 1501 498
person -53 167 44 502
person -1 -1 -1 -1
person 384 112 410 214
person 472 117 501 232
person 1020 281 1221 1024
person 1271 264 1473 930
person 729 117 755 226
person 367 128 409 293
person 704 120 733 240
person 324 112 350 214
person 347 126 388 287
person 652 119 681 240
person 341 116 372 235
person 366 113 393 220
person 304 116 335 238
person -84 189 41 613
person 717 119 744 235
person 456 113 482 216
person 573 118 602 236
person 273 113 302 224
