person 551 134 595 316
person 502 146 560 377
person 1113 149 1171 368
person 736 132 776 296
person 175 148 242 401
person 157 162 238 469
person 835 121 863 239
person 813 124 844 258
person 596 117 623 227
person 759 123 790 253
person 80 126 126 298
person 809 141 856 338
person 773 143 823 352
person 1020 148 1076 367
person 257 162 336 466
person 373 113 400 219
person 679 132 719 299
person 211 199 330 650
person 712 138 758 328
person 642 116 668 223
person 710 123 742 256
person 723 124 755 261
person 675 141 724 344
person 778 121 806 241
person 210 128 255 302
person 809 138 852 323
person 19 190 138 616
person 396 203 513 663
person 404 113 430 217
