person 881 125 912 258
person 407 114 434 223
person 1207 172 1294 480
person 449 114 476 223
person 353 114 381 223
person -1 -1 -1 -1
person -1 -1 -1 -1
person 755 143 805 351
person 1092 171 1173 476
person 216 163 297 472
person 1534 177 1635 489
person 527 114 553 218
person 895 124 926 252
person 494 113 519 215
person 763 131 801 291
person 727 125 760 264
person 443 118 474 241
person 679 137 725 327
person 1636 176 1739 478
person 383 118 415 243
person -34 148 41 411
person 870 139 915 328
person 495 114 522 220
person 742 135 785 313
person 226 111 254 217
person 1663 187 1782 534
person 1254 155 1322 390
person 1760 184 1879 517
person 774 118 800 227
person 347 118 380 247
person 1294 172 1382 472
person 1427 173 1522 476
person 641 119 671 239
person 798 140 845 338
person 727 118 754 231
person 283 132 331 317
person 752 117 777 224
person 1146 155 1213 398
person 644 139 693 339
person 1715 176 1820 476
