person 463 111 487 206
person 768 143 818 351
person 656 118 684 233
person -30 148 45 410
person 238 120 274 258
person 709 129 746 283
person 276 120 311 256
person 711 138 757 328
person 681 141 730 344
person -1 -1 -1 -1
person 340 110 365 206
person 769 118 795 226
person 1074 133 1115 288
person 321 163 400 470
person 194 110 221 213
person 560 133 604 312
person 422 112 447 211
person 762 131 800 291
person 809 140 856 336
person 808 137 851 323
person 308 111 334 210
person 268 111 294 211
person 800 121 828 240
