person 1380 160 1457 413
person 589 117 617 231
person 885 140 930 332
person 91 113 123 230
person 169 114 201 233
person 568 118 597 238
person 313 181 410 559
person -7 148 66 406
person 626 134 670 315
person 778 123 809 254
person 665 119 694 239
person 221 114 251 229
person 808 123 838 250
person 870 126 902 265
person 804 127 838 271
person 172 112 201 224
person 216 160 295 458
person 410 113 437 217
person 977 143 1027 344
person 528 119 558 241
person 766 131 805 294
person 882 136 924 314
person 1480 161 1560 415
