person 500 113 525 214
person 622 120 653 245
person 326 162 404 463
person 1124 225 1268 742
person 634 119 663 236
person 752 121 780 242
person 792 144 842 355
person 1382 158 1456 402
person 800 140 846 337
person 626 114 651 214
person 383 112 409 215
person 1095 132 1135 285
person 666 213 786 704
person 486 122 520 261
person 336 112 363 217
person -35 149 41 413
person 749 131 788 293
person 293 115 323 231
person 470 113 496 217
person 676 141 725 345
person 712 138 758 329
person 445 112 470 212
person 808 137 851 323
person 395 112 421 214
person 561 134 605 314
person 1706 165 1796 423
