person 346 116 377 237
person 676 118 703 229
person 752 120 779 236
person 475 115 503 226
person 0 168 95 507
person 1399 154 1469 382
person 457 121 491 255
person 736 123 768 255
person 1433 174 1528 477
person 900 123 929 249
person 299 118 332 245
person 39 125 84 291
person 52 118 90 255
person 724 120 753 240
person 24 116 62 250
person 1320 169 1407 461
person 1205 167 1286 454
person 686 139 733 336
person 89 115 122 240
person 339 126 380 287
person 151 113 182 229
person 572 119 602 241
person 719 119 746 234
person 438 118 468 240
person 600 140 649 342
person -14 133 43 335
person -108 190 21 619
person 666 119 695 238
person 619 120 650 246
person 343 127 385 292
person 879 124 909 254
person -3 136 56 348
person -1 -1 -1 -1
person 296 118 329 245
person 476 118 506 238
person 518 117 547 234
