person 937 134 977 300
person 486 115 513 222
person 846 123 876 252
person -5 146 66 400
person 754 122 784 247
person 130 111 159 221
person 953 129 989 273
person 1548 154 1620 376
person 260 111 286 212
person 739 117 764 225
person 1085 143 1137 339
person 934 124 965 251
person 20 365 331 1468
person 758 123 789 253
person 414 118 446 244
person 734 126 768 271
person 1681 185 1799 525
person 371 114 399 222
person -58 163 36 487
person 230 111 257 215
person 754 117 779 222
person 892 127 925 266
person 152 111 180 217
person 165 114 196 232
person 95 113 126 229
person 400 113 427 219
person 1115 145 1170 349
