person -58 163 36 487
person 570 123 603 258
person 374 111 399 210
person 637 118 665 234
person 637 116 663 221
person 1825 172 1928 452
person 642 122 674 253
person -9 146 62 401
person 746 142 795 347
person 1639 176 1742 478
person 252 110 278 210
person 232 115 263 235
person 864 122 892 243
person 645 115 670 218
person 456 124 493 272
person 604 119 633 238
person 748 139 794 334
person 839 132 877 295
person 821 123 850 250
person 594 120 624 244
person 805 124 836 255
person 730 119 757 233
person -1 -1 -1 -1
