person -39 148 37 412
person 1286 152 1351 376
person 758 118 784 227
person 1216 146 1273 351
person 1293 147 1353 353
person -1 -1 -1 -1
person 1692 177 1798 481
person 1544 182 1653 512
person 817 138 861 323
person 1681 180 1792 499
person 704 120 733 242
person 679 118 707 232
person 739 117 765 224
person 694 141 743 345
person 547 134 592 314
person 1844 183 1964 508
person 1574 188 1692 540
person 671 125 705 266
person 750 143 800 355
person 435 116 464 232
person 811 141 858 340
person 1784 176 1891 474
person 183 164 266 478
person 1374 154 1444 384
person 719 120 748 239
person 1447 177 1546 492
person 717 138 763 330
person 763 131 801 291
person 701 124 733 261
person 586 250 744 888
