person 322 111 347 210
person 341 162 419 464
person 818 140 864 336
person 558 134 603 314
person 516 116 545 230
person 922 266 1098 954
person 780 143 830 352
person 436 112 461 212
person 292 111 318 210
person 468 113 494 216
person 756 131 794 293
person 616 119 645 236
person 359 111 384 208
person 360 117 391 237
person 496 122 530 260
person -35 149 41 413
person 877 123 906 248
person 810 137 854 323
person 1419 150 1484 361
person 1711 165 1801 423
person 727 123 758 253
person 1434 163 1516 425
person 712 138 758 329
person 1096 132 1136 285
person 1494 279 1734 992
person 679 141 728 345
person 560 113 584 210
person 476 113 501 213
