person 760 117 785 225
person 485 113 510 214
person -26 148 49 411
person 1792 171 1892 449
person 717 138 763 330
person 902 125 934 259
person 909 123 938 246
person 547 134 591 314
person 771 125 804 262
person 473 113 498 215
person 1245 157 1315 401
person 531 113 556 214
person 465 116 494 231
person 760 144 811 355
person 1665 254 1883 863
person 744 131 783 293
person 807 137 850 322
person 344 162 421 461
person 673 141 722 345
person 862 123 891 248
person 809 140 856 336
person 1360 160 1436 412
person 651 118 678 231
person 213 134 264 327
person 892 123 922 247
person 307 134 356 324
