person 431 112 456 212
person 531 117 560 233
person 1451 152 1519 370
person 1419 164 1501 428
person 480 116 508 227
person 815 140 862 337
person 350 162 427 463
person 506 112 530 207
person 490 123 525 264
person 468 113 494 216
person 823 122 852 245
person 410 118 442 241
person 1162 349 1462 1347
person 778 143 827 352
person -35 149 41 413
person 1714 165 1804 424
person 810 137 854 323
person 555 134 599 314
person 712 138 758 329
person 681 141 731 345
person 1096 132 1136 285
person 806 124 837 258
person 753 131 792 292
person 438 112 463 211
