person 1250 141 1302 324
person 271 114 301 228
person 1292 234 1457 782
person 203 114 234 231
person 874 139 918 328
person -17 149 57 411
person 915 126 948 262
person 458 114 484 220
person 679 120 709 242
person 1564 188 1681 540
person 574 118 603 233
person 304 114 333 227
person 1258 172 1347 478
person 771 131 809 291
person 289 118 323 247
person 1344 169 1431 456
person 121 150 191 415
person 764 118 790 227
person 731 144 782 360
person 753 117 778 224
person 1548 182 1657 512
person 348 110 372 207
person 1474 229 1644 751
person 426 113 452 214
person 279 111 306 212
person 1192 142 1244 329
person 336 111 361 210
person 805 141 852 338
person 642 140 691 341
person 658 134 701 311
person 1432 176 1530 489
person 1205 158 1276 411
person 723 138 769 330
person 1033 223 1169 738
person 221 163 302 473
person 600 117 628 232
