person 1289 145 1346 340
person 743 117 768 223
person 803 140 849 337
person 489 113 514 214
person 474 113 500 215
person 1097 132 1137 285
person 760 144 811 355
person 717 169 792 483
person 554 122 587 258
person 870 123 899 247
person 537 163 611 459
person 715 138 761 330
person 530 113 555 214
person 504 115 532 226
person 431 116 460 230
person 749 131 788 293
person 810 137 854 323
person 1683 252 1898 854
person 1711 165 1801 423
person 1842 245 2057 812
person 676 141 725 345
person 552 115 578 222
person -21 148 53 411
person 531 115 558 225
person 561 134 605 314
person 331 162 408 462
person 837 123 867 251
