person 1523 183 1633 520
person -25 148 49 408
person 693 141 741 343
person 1542 167 1630 437
person 256 109 281 204
person 553 134 598 315
person 812 141 858 338
person 1397 197 1521 596
person 144 116 178 245
person 179 165 263 484
person 1692 171 1790 453
person 1585 190 1708 554
person 715 138 761 330
person 761 117 787 225
person 526 115 553 225
person 771 144 822 357
person 1771 188 1896 535
person 842 125 874 261
person 1431 182 1537 519
person 1377 211 1518 663
person 492 113 517 216
person 649 118 677 231
person 385 112 411 213
person 609 118 637 234
person 305 114 333 225
person 696 121 726 245
person 1214 210 1346 666
person 711 120 740 240
person 1253 201 1375 618
person 460 115 488 226
person 772 131 810 291
person 816 138 860 323
