person -37 150 40 417
person 734 118 761 230
person 1736 166 1828 426
person 735 117 760 224
person 802 140 848 337
person 663 125 697 269
person 577 115 603 221
person 562 133 607 312
person 519 118 548 237
person 736 120 764 239
person 760 131 799 292
person 722 138 767 328
person 768 143 817 350
person 681 141 730 344
person 506 142 560 358
person 356 116 386 233
person 810 137 854 323
person 826 122 855 243
person 683 124 716 262
person 715 121 745 245
person 551 140 602 345
person 317 163 396 471
person 749 148 804 380
person 1084 132 1124 285
