person 135 113 166 230
person 882 129 917 276
person 548 113 572 214
person 1021 134 1062 295
person 677 115 702 219
person 202 163 284 475
person 434 114 461 222
person 396 114 423 224
person 872 124 903 254
person 709 124 742 262
person 76 110 105 218
person -32 147 42 406
person 747 135 790 313
person 830 138 874 325
person 99 110 128 216
person 463 114 490 219
person 767 131 805 291
person 559 133 603 312
person 663 139 711 337
person 174 113 204 225
person 795 139 840 333
person 216 113 246 225
person 835 125 867 259
person 842 126 875 265
person 784 143 833 351
person 493 114 519 217
person 907 125 939 258
