person 337 162 414 464
person 569 118 598 235
person 558 134 603 314
person 851 122 880 247
person 1426 163 1507 426
person 531 112 554 208
person 468 113 494 216
person 753 131 792 292
person 756 123 788 255
person 444 112 469 211
person 815 140 862 337
person 778 143 827 352
person -35 149 41 413
person 1714 165 1804 424
person 810 137 854 323
person 382 117 413 239
person 1022 295 1239 1089
person 712 138 758 329
person 681 141 731 345
person 1096 132 1136 285
person 1722 325 2054 1207
person 495 116 523 229
person 491 123 526 263
person 1446 151 1512 363
person 432 112 457 212
