person -37 150 40 417
person 604 141 655 350
person 574 115 600 221
person 1870 223 2051 702
person 602 125 637 269
person 727 118 754 232
person 867 123 896 247
person 1100 132 1141 286
person 802 140 848 337
person 562 133 607 312
person 768 122 798 247
person 631 124 665 262
person 1709 165 1799 423
person 732 117 758 224
person 563 144 618 365
person 547 119 577 240
person 722 138 767 328
person 768 143 817 350
person 810 137 854 323
person 777 121 805 240
person 809 148 862 375
person 675 141 724 345
person 763 131 801 292
person 322 163 401 471
person 376 116 406 233
