person 909 129 945 278
person 418 115 446 226
person -1 -1 -1 -1
person 459 115 487 225
person 200 113 229 226
person 832 138 876 325
person 701 139 748 336
person 157 114 188 231
person 709 124 741 258
person 903 125 934 255
person 128 111 156 217
person 951 126 984 259
person 521 114 547 219
person -32 147 42 406
person 747 135 790 313
person 704 116 729 221
person 1066 135 1109 299
person 551 113 575 211
person 487 114 513 221
person 767 131 805 291
person 795 139 840 333
person 242 113 271 225
person 784 143 833 351
person 207 163 289 475
person 91 111 120 219
person 544 132 588 307
person 885 127 918 268
person 864 125 896 260
