person 778 127 812 272
person 558 117 586 229
person 879 140 924 332
person 653 135 697 317
person 144 112 174 224
person 396 113 423 220
person 634 118 662 234
person 764 131 802 294
person 154 114 185 232
person 505 118 535 238
person 767 122 797 248
person 862 126 895 264
person 1394 164 1475 430
person 80 113 112 233
person 546 118 575 236
person 761 121 790 242
person 871 137 914 317
person 275 190 383 605
person 191 162 272 469
person 738 122 768 251
person 981 126 1014 261
person 942 143 991 344
person 205 114 235 229
person -19 147 54 405
person 1491 165 1576 432
