person 787 128 821 275
person 320 111 346 214
person 803 140 850 338
person 526 113 551 214
person 477 116 506 231
person 646 139 695 339
person 752 125 785 265
person 601 122 633 254
person 1345 149 1408 358
person 789 122 818 247
person 744 135 786 312
person 828 121 856 241
person 758 142 807 349
person 207 163 289 476
person 1450 151 1516 363
person 347 111 372 211
person 376 111 401 209
person -28 148 46 406
person 660 122 691 251
person 897 124 927 250
person 289 111 315 214
person 99 112 129 225
person 67 111 98 224
person 675 136 720 323
person 873 139 918 329
person 1364 147 1424 346
person 679 126 714 270
person 1221 142 1274 329
person 702 121 732 247
person 736 122 767 251
person 767 131 805 291
