person 282 113 310 221
person 146 133 197 326
person 1680 248 1890 835
person -1 -1 -1 -1
person 876 122 905 245
person 1883 240 2093 788
person 709 119 737 235
person 1425 253 1623 867
person 362 128 405 294
person 332 126 374 288
person 693 120 722 243
person 648 120 678 245
person 555 120 585 244
person -60 167 39 504
person 405 117 435 238
person 811 123 841 250
person 754 119 780 231
person 1259 151 1323 373
person 929 178 1013 521
person 365 113 392 217
person 442 114 469 219
person 773 179 857 533
person 1823 208 1980 632
person -84 189 41 613
person 95 113 127 231
person 332 113 360 220
person 655 120 684 240
person 734 120 762 237
