person 1238 156 1306 396
person 644 139 693 339
person 1429 167 1515 443
person 755 143 805 351
person -21 148 53 409
person 607 117 635 231
person 216 163 297 472
person 766 131 804 291
person 1746 165 1836 420
person 511 117 540 232
person 1631 172 1729 462
person 1460 156 1533 387
person 314 125 354 282
person 1168 143 1220 334
person 1133 155 1198 397
person 487 119 518 242
person 742 135 785 313
person 1506 161 1587 412
person 466 116 495 231
person 1312 156 1382 393
person 1107 144 1160 344
person 1528 157 1603 390
person 704 119 732 235
person 544 121 576 252
person 695 137 740 326
person 497 121 530 254
person 443 121 477 255
person 656 117 683 228
person 798 140 845 338
person 871 139 915 327
person 758 123 789 252
person 719 117 744 225
person 587 115 613 221
person 1533 172 1629 465
person 304 115 334 231
person 1603 162 1687 414
