person 718 119 745 234
person -1 -1 -1 -1
person 1799 213 1963 659
person 773 142 822 349
person 730 117 756 224
person 394 116 424 233
person 633 142 684 355
person 587 120 617 244
person 562 133 607 312
person 1709 165 1799 423
person 1012 128 1048 269
person 607 146 663 372
person 722 138 767 328
person 547 125 583 270
person 565 115 591 223
person 910 124 941 250
person 564 123 598 261
person -24 149 52 416
person 810 137 854 323
person 819 121 847 241
person 852 147 904 369
person 317 163 396 471
person 675 141 724 345
person 807 140 853 337
person 763 131 801 292
person 1102 132 1143 286
person 808 122 837 248
