person 763 131 801 291
person 559 111 581 204
person 570 117 599 233
person 331 115 361 229
person 298 115 328 231
person 303 110 327 206
person 994 127 1028 263
person 538 118 567 236
person 202 163 284 475
person 526 129 567 293
person 832 138 876 325
person -32 147 42 406
person 747 135 790 313
person 745 123 776 254
person 702 138 748 328
person 119 133 171 329
person 779 143 829 352
person 794 140 840 334
person 169 112 198 224
person 607 117 634 229
person 400 112 426 213
person 272 115 303 235
person 646 117 673 226
person 233 112 261 221
