person -4 146 66 399
person 355 111 381 210
person 585 118 613 234
person 439 113 465 215
person 72 122 114 277
person 762 131 801 294
person 688 119 716 236
person 959 125 991 257
person 590 116 617 227
person 1396 150 1460 360
person 491 116 519 228
person 266 110 291 208
person 642 120 671 241
person 624 117 652 229
person 235 110 261 211
person 528 118 558 239
person 205 118 240 250
person 936 127 970 265
person 607 115 633 221
person 1302 152 1367 374
person 125 122 165 272
person 679 116 705 220
person 119 162 202 474
