person 1346 148 1407 352
person 307 112 334 216
person 394 112 419 211
person 937 125 969 254
person 778 126 811 267
person 646 139 695 339
person 561 113 585 213
person 744 135 786 312
person 861 122 889 243
person 740 122 771 248
person 825 123 855 248
person 217 163 298 475
person 640 123 673 257
person 766 123 797 253
person -28 148 46 406
person 120 112 151 227
person 368 112 393 213
person 341 112 367 215
person 830 128 865 277
person 85 112 115 225
person 868 139 913 327
person 813 140 859 337
person 691 122 722 252
person 693 126 728 270
person 767 131 805 291
person 658 136 703 322
person 493 115 520 226
person 763 142 813 349
person 1247 142 1300 327
