person -39 148 37 412
person 758 118 784 227
person 193 163 275 477
person 754 221 878 737
person 1384 149 1447 358
person 194 110 221 212
person 817 138 861 323
person 728 127 763 275
person 492 118 522 237
person 1540 170 1633 455
person 1229 143 1283 334
person 742 117 767 224
person 771 126 805 268
person 1298 144 1353 335
person 730 119 758 236
person 1443 177 1543 492
person 778 122 808 247
person 1654 287 1921 1026
person 1578 188 1696 540
person -1 -1 -1 -1
person 1589 168 1681 444
person 750 143 800 355
person 779 121 807 242
person 1734 175 1839 471
person 811 141 858 340
person 326 112 353 216
person 1544 182 1653 512
person 763 131 801 291
person 717 138 763 330
person 1291 148 1352 356
person 550 134 594 314
person 1654 168 1747 438
person 691 141 740 345
