person 170 114 201 231
person -21 148 53 411
person 486 113 512 215
person -1 -1 -1 -1
person 910 130 946 284
person 1234 172 1321 478
person 1348 172 1439 474
person 737 143 787 355
person 336 112 363 216
person 1637 181 1748 506
person 777 131 815 291
person 837 141 883 340
person 358 112 384 213
person -1 -1 -1 -1
person 1546 178 1650 496
person 557 122 590 255
person 560 134 604 314
person 310 113 337 219
person 753 117 779 224
person 812 137 855 322
person 228 126 270 287
person 349 162 425 461
person 506 113 531 214
person 713 138 759 330
person 687 122 718 252
person 534 113 559 213
person 660 140 709 342
person 145 125 188 287
