person 720 119 748 234
person 781 124 812 257
person 27 116 64 250
person -101 190 28 619
person 1393 151 1459 367
person 576 119 606 241
person 678 118 705 229
person -14 133 43 335
person 934 124 965 251
person 1192 163 1267 432
person 337 126 378 287
person 664 119 693 238
person 542 118 571 236
person 361 119 395 249
person 38 125 84 291
person 1428 170 1518 458
person -11 168 84 508
person 91 115 124 240
person 336 127 378 293
person 739 121 768 243
person 650 121 680 246
person 579 137 627 331
person 52 118 90 255
person 1316 164 1396 436
person 902 124 932 253
person 0 136 60 348
person 490 118 521 240
person 185 114 216 232
person 461 115 489 228
person 366 120 399 253
person 398 117 429 240
person -1 -1 -1 -1
person 668 137 714 326
person 489 119 520 245
person 758 120 786 238
person 502 122 536 256
