person 501 117 530 232
person 427 118 458 240
person 714 142 764 351
person 1875 174 1982 461
person 27 116 64 250
person 554 119 584 239
person 744 119 772 235
person 1223 172 1311 479
person 477 115 505 223
person 426 121 460 255
person -7 136 53 348
person 95 114 127 235
person 599 120 630 245
person 139 113 169 229
person 673 118 700 229
person -5 168 89 506
person 39 125 84 291
person 50 118 88 255
person 316 116 347 236
person 337 126 378 287
person -1 -1 -1 -1
person 1470 179 1573 500
person 926 125 958 255
person 666 119 695 238
person -116 190 14 620
person 209 116 242 241
person 1698 162 1784 410
person 470 117 500 237
person 721 120 750 240
person -10 133 46 335
person 845 124 875 253
person 347 128 389 294
person 1326 173 1417 480
person 308 118 341 245
person 1416 157 1489 393
person 628 143 680 356
person 695 122 726 252
person 847 123 876 248
person 720 119 748 234
