person 1177 140 1226 318
person 873 139 917 328
person 873 125 905 260
person 753 117 778 224
person 634 119 663 241
person 260 113 289 226
person 1564 188 1681 540
person 1049 233 1198 785
person 771 131 809 291
person 409 112 435 211
person 638 134 681 311
person 270 111 296 212
person 55 153 131 431
person 1139 140 1188 324
person 1331 248 1517 849
person 764 118 790 227
person 317 111 342 209
person -34 148 41 411
person 1149 160 1220 421
person 224 117 257 243
person 552 117 581 231
person 1548 182 1657 512
person 297 114 326 225
person 1224 176 1315 496
person 336 110 360 207
person 433 113 460 219
person 579 117 607 228
person 202 163 284 475
person 805 141 852 338
person 642 140 691 341
person 193 114 224 230
person 1432 176 1530 489
person 702 144 754 361
person 723 138 769 330
person 1579 247 1781 833
person 1358 172 1449 473
person 1377 146 1436 343
