person 462 117 492 234
person 1277 146 1336 348
person 803 140 849 337
person 766 144 817 356
person 469 115 496 224
person 1097 132 1137 285
person 567 168 645 485
person 729 116 754 222
person 891 125 922 256
person 529 113 554 214
person 535 122 569 259
person 715 138 761 330
person 473 113 498 215
person 527 115 553 221
person 749 131 788 293
person 810 137 854 323
person 1711 165 1801 423
person 676 141 725 345
person 766 175 846 511
person 503 115 531 224
person -21 148 53 411
person 486 113 512 214
person 561 134 605 314
person 331 162 408 462
person 824 122 853 246
