person 307 111 334 212
person 906 125 937 258
person 940 137 983 314
person -26 147 47 402
person 948 125 980 255
person 542 133 586 309
person 562 113 586 209
person 812 127 846 271
person 627 121 658 246
person 894 123 924 249
person 191 162 271 468
person 1070 144 1123 344
person 735 122 765 250
person 1460 152 1528 370
person 685 119 713 236
person 987 141 1035 333
person 271 114 301 227
person 378 162 455 463
person 765 131 804 294
person 62 112 94 228
person 1358 152 1424 372
person 268 116 299 237
person 891 126 923 264
person 220 116 252 238
person 184 112 213 224
person 659 120 689 242
