person 706 139 753 335
person 519 115 546 222
person 325 110 350 207
person 972 126 1004 259
person 221 113 251 227
person 557 113 581 209
person 795 139 840 333
person 551 115 578 221
person 481 115 509 226
person 719 117 745 223
person 535 131 578 304
person 832 138 876 325
person -34 134 26 342
person 1133 137 1178 306
person 711 123 743 255
person -32 147 42 406
person 747 135 790 313
person 989 131 1026 282
person 942 128 976 268
person 767 131 805 291
person 185 114 216 231
person 257 113 286 226
person 782 143 832 351
person 444 116 473 229
person 932 125 963 256
person 111 111 140 220
person 148 111 176 218
person 207 163 289 475
person 904 126 936 261
