person 0.96 2 154 76 290
person 0.93 68 152 164 290
person 0.99 159 205 325 519
person 0.95 282 103 376 341
person 0.26 357 187 437 351
person 0.94 366 145 458 412
person 0.49 408 61 472 195
person 0.3 432 78 506 225
person 0.98 440 170 550 417
person 0.53 488 56 553 201
person 0.76 529 94 609 228
person 0.7 532 53 605 148
person 0.99 533 168 625 424
person 0.99 652 64 732 268
person 0.99 718 196 840 476
person 0.81 751 75 825 233
handbag 0.3 753 102 802 169
person 0.91 805 78 881 287
handbag 0.7 852 253 927 353
handbag 0.5 856 281 903 364
person 0.98 865 176 974 483
person 0.6 890 82 968 239
person 0.91 964 108 1041 333
backpack 0.67 1006 153 1050 227
person 0.49 1029 71 1105 242
person 0.98 1058 112 1149 366
person 0.26 1105 93 1164 227
person 0.99 1156 71 1225 249
person 0.99 1214 62 1290 250
person 0.89 1279 75 1340 252
person 0.98 1776 83 1857 240
backpack 0.52 1801 103 1855 164
person 0.69 1871 81 1922 279
