person 1.0 21 136 291 975
person 0.52 197 147 269 289
person 0.71 238 151 330 455
person 0.61 272 182 363 455
person 0.99 322 179 462 453
person 0.57 367 57 427 206
person 0.3 394 124 458 305
person 0.98 451 149 536 331
person 0.99 481 197 697 838
person 0.82 556 59 623 215
person 0.97 653 68 720 258
person 0.61 693 80 743 244
handbag 0.34 746 104 797 169
person 0.91 748 67 816 261
person 0.98 805 75 884 295
person 0.87 887 93 951 264
person 0.99 935 107 1031 338
person 0.93 1028 96 1124 342
person 0.35 1042 70 1112 244
person 0.89 1113 75 1174 293
handbag 0.45 1153 168 1195 246
person 0.73 1165 72 1221 240
person 0.98 1225 74 1287 249
person 0.95 1278 73 1341 251
person 1.0 1436 63 1501 259
person 0.36 1872 49 1922 268
