person 0.98 -1 148 77 292
person 1.0 69 148 169 299
backpack 0.79 180 230 250 300
person 0.95 690 78 751 244
person 0.92 751 80 803 241
person 0.96 805 185 930 524
person 0.83 807 107 868 260
person 0.39 808 74 842 136
backpack 0.76 844 253 921 358
person 0.83 867 84 932 223
person 0.36 900 190 964 350
person 0.65 932 111 1024 380
person 0.41 940 76 1008 183
backpack 0.41 951 169 999 239
person 0.98 976 160 1075 434
person 1.0 1132 182 1277 644
person 0.98 1148 80 1209 250
person 0.94 1218 88 1292 225
handbag 0.51 1301 335 1352 424
person 0.99 1316 190 1430 526
person 0.97 1402 185 1514 536
person 0.99 1501 197 1652 531
person 0.98 1506 74 1574 247
handbag 0.57 1587 413 1679 524
person 0.99 1628 176 1789 581
handbag 0.27 1728 298 1795 425
person 1.0 1771 209 1894 552
backpack 0.66 1853 270 1916 367
