person 0.98 2 149 76 295
person 0.48 72 153 149 273
person 0.97 73 178 206 481
backpack 0.54 88 209 194 346
backpack 0.33 186 229 246 301
person 0.85 369 61 420 253
person 0.82 418 76 510 347
person 0.4 457 55 533 200
handbag 0.4 471 441 591 557
person 0.97 477 186 649 648
person 0.37 489 90 569 224
person 0.54 568 67 624 245
person 0.95 604 56 673 267
person 0.46 643 70 697 253
person 0.96 750 71 817 253
person 0.95 794 198 901 521
person 0.47 802 95 877 260
backpack 0.54 804 248 892 354
person 0.81 861 75 913 245
person 0.76 901 127 969 336
handbag 0.58 903 133 972 302
person 0.38 940 75 997 235
person 0.99 1001 126 1074 364
person 0.27 1016 53 1091 155
backpack 0.3 1019 168 1072 240
suitcase 0.99 1027 527 1243 809
person 0.89 1066 98 1133 339
person 0.83 1145 76 1212 293
person 0.9 1168 180 1278 482
backpack 0.46 1192 224 1274 376
person 1.0 1204 127 1494 949
person 0.88 1215 86 1286 238
person 0.72 1271 176 1373 287
person 0.84 1298 101 1360 209
person 0.74 1367 94 1431 208
person 1.0 1473 193 1579 522
person 0.99 1681 204 1832 554
person 0.79 1782 84 1845 241
person 0.78 1811 84 1876 242
person 0.48 1875 89 1917 268
