person 0.58 4 152 61 280
person 0.98 10 206 222 550
person 0.32 10 153 63 209
person 0.94 81 153 166 276
backpack 0.49 186 232 245 297
person 0.98 272 121 347 373
person 0.91 330 164 424 437
backpack 0.31 355 225 411 297
person 0.32 358 64 414 202
person 0.75 405 78 472 227
person 0.95 419 195 507 442
person 0.55 465 49 528 206
person 0.99 492 193 607 443
person 0.63 496 112 582 249
person 0.92 530 53 603 193
person 1.0 639 62 720 292
handbag 0.26 641 80 717 254
handbag 0.5 752 102 801 168
person 0.92 754 63 822 256
person 0.94 780 203 900 499
person 0.74 800 76 884 246
handbag 0.56 870 351 912 432
person 0.5 890 71 962 251
person 0.99 925 167 1074 492
handbag 0.48 930 249 1008 358
person 0.44 960 64 1034 149
person 0.48 962 109 1034 258
person 0.94 1038 63 1103 259
person 0.97 1078 119 1155 358
person 0.99 1156 67 1223 248
person 0.99 1212 61 1289 251
person 0.92 1279 75 1340 250
person 0.99 1776 84 1857 239
person 0.68 1871 57 1922 263
