person 0.8 3 152 72 283
person 0.94 18 185 165 431
person 0.85 83 152 169 291
backpack 0.87 182 233 247 300
person 0.81 238 167 341 433
person 0.74 295 217 369 440
handbag 0.35 343 253 382 330
backpack 0.31 343 253 382 330
person 0.99 459 42 524 286
person 1.0 542 52 617 311
person 0.95 709 66 761 246
person 0.89 752 82 824 276
person 0.93 791 195 898 524
backpack 0.81 803 247 895 357
person 0.47 804 106 876 256
person 0.96 861 73 936 245
person 0.97 926 106 1002 384
backpack 0.38 936 132 1006 247
person 0.67 943 73 1002 185
person 0.87 1003 99 1073 343
person 1.0 1064 73 1135 249
person 1.0 1146 214 1327 609
person 0.96 1206 79 1278 246
person 0.34 1257 94 1293 203
person 0.92 1292 83 1356 235
person 1.0 1307 187 1412 520
person 1.0 1402 196 1516 529
backpack 0.25 1409 507 1536 579
person 0.84 1521 141 1590 287
person 0.99 1528 209 1655 524
handbag 0.65 1575 408 1677 517
suitcase 0.49 1575 408 1677 517
person 0.99 1639 196 1768 558
handbag 0.32 1732 353 1781 422
person 0.98 1768 215 1889 500
person 0.87 1863 238 1919 461
