person 0.98 1 150 74 295
person 0.95 70 150 158 291
person 1.0 144 117 242 383
handbag 0.26 217 231 253 296
person 0.99 244 133 346 414
handbag 0.76 309 254 356 307
handbag 0.5 375 248 422 341
person 0.91 379 207 479 454
handbag 0.33 395 246 470 343
person 1.0 532 53 602 253
person 0.98 654 51 730 261
handbag 0.66 701 165 739 220
person 0.6 762 66 832 242
person 0.65 783 142 866 278
person 0.97 786 188 909 526
person 0.6 793 66 858 188
backpack 0.44 843 247 915 361
person 0.31 843 160 907 269
person 0.84 863 68 924 250
person 0.61 899 76 959 251
person 0.49 937 79 1008 241
person 0.98 943 123 1019 374
backpack 0.36 981 171 1021 241
person 0.68 1003 113 1067 325
person 0.97 1106 99 1159 322
person 1.0 1151 217 1325 611
person 0.88 1227 80 1286 218
person 0.99 1310 180 1407 521
person 1.0 1402 177 1496 534
handbag 0.62 1407 491 1535 576
person 0.67 1416 126 1484 229
person 1.0 1492 199 1614 555
handbag 0.85 1587 392 1667 504
person 0.99 1631 182 1754 547
person 0.95 1723 212 1828 542
person 0.81 1814 196 1915 422
