person 0.98 0 207 81 502
person 0.65 4 154 72 260
person 0.48 68 135 161 406
person 0.99 131 168 240 494
handbag 0.43 200 387 325 601
person 0.27 201 188 257 466
person 1.0 227 178 540 1020
person 1.0 588 147 799 793
person 0.97 706 74 766 234
person 1.0 782 53 851 245
person 0.71 869 87 939 274
person 0.99 874 166 1016 556
backpack 0.7 874 116 930 189
person 0.74 945 76 1001 236
person 0.88 989 83 1043 244
backpack 0.37 1002 121 1040 177
person 0.97 1130 64 1202 284
person 0.95 1174 165 1336 646
person 0.93 1204 69 1280 251
person 0.58 1269 65 1331 239
person 0.98 1326 182 1420 531
person 0.99 1400 174 1505 539
handbag 0.3 1511 334 1547 396
person 1.0 1526 200 1638 525
handbag 0.76 1613 421 1705 529
person 0.94 1643 177 1754 539
person 0.46 1694 200 1792 560
person 0.95 1730 207 1835 548
backpack 0.27 1761 255 1847 359
backpack 0.39 1806 279 1850 367
