person 0.76 1 147 74 280
person 0.98 11 190 138 530
person 0.99 79 147 169 288
person 0.99 168 182 286 484
person 0.97 243 92 319 317
person 0.99 327 104 429 367
backpack 0.95 345 296 502 520
handbag 0.31 366 414 491 868
person 1.0 392 205 778 1111
backpack 0.41 395 155 434 234
person 0.7 498 187 562 299
person 0.94 708 77 757 246
person 0.83 746 78 844 408
cell_phone 0.95 749 535 780 551
person 0.57 821 69 875 238
person 0.98 822 188 949 528
backpack 0.84 835 249 920 356
person 0.91 866 79 926 233
person 0.38 900 78 957 239
person 0.89 933 111 1003 360
person 0.3 944 81 1006 242
backpack 0.27 944 124 1005 251
person 0.87 994 106 1057 337
backpack 0.28 1025 146 1062 212
person 1.0 1147 215 1330 613
person 0.91 1226 86 1289 215
person 1.0 1319 185 1421 521
person 0.99 1419 219 1546 533
person 0.99 1520 192 1627 533
person 0.58 1616 206 1668 393
handbag 0.71 1623 404 1705 493
person 0.98 1627 181 1771 588
handbag 0.31 1719 298 1795 421
person 0.99 1764 204 1900 556
backpack 0.6 1851 274 1915 374
