person 0.98 -1 151 74 291
person 0.99 68 147 166 302
backpack 0.73 184 225 259 310
backpack 0.28 206 244 358 588
handbag 0.73 208 271 360 610
person 0.99 217 92 472 843
person 0.88 366 57 433 257
person 0.76 392 117 502 371
handbag 0.32 429 146 503 283
person 0.94 460 75 537 242
person 0.99 490 207 678 794
person 0.95 591 54 660 245
handbag 0.95 617 328 712 493
person 0.96 640 54 699 251
handbag 0.28 741 105 791 164
person 0.98 747 69 812 258
person 0.98 804 66 878 301
person 0.27 863 70 911 255
person 0.84 897 90 958 260
person 0.98 947 107 1023 335
backpack 0.37 948 147 1009 217
person 0.31 977 70 1023 144
person 0.96 1032 81 1123 336
person 0.4 1048 77 1111 245
handbag 0.33 1075 145 1117 212
person 0.88 1116 84 1182 281
handbag 0.3 1176 150 1211 205
person 0.98 1195 77 1269 244
handbag 0.31 1325 92 1368 152
person 0.85 1342 60 1416 247
person 0.98 1423 70 1482 252
person 0.35 1873 49 1922 269
