person 0.98 -1 148 79 296
person 0.62 73 149 144 292
person 0.96 85 164 201 426
backpack 0.73 187 228 248 307
person 0.99 254 98 346 330
person 0.32 443 112 525 252
person 0.93 444 178 543 429
handbag 0.25 460 217 524 284
backpack 0.41 541 241 579 319
person 0.89 546 194 640 426
person 0.97 612 228 779 763
person 0.83 650 74 718 229
person 1.0 693 204 1009 846
person 0.65 746 74 811 233
person 0.62 789 76 855 227
person 0.36 850 137 922 298
person 0.85 866 75 942 228
person 0.91 938 93 1001 389
person 0.46 942 85 1009 228
person 0.89 999 109 1060 357
person 1.0 1132 201 1274 628
person 0.87 1166 77 1226 236
person 0.93 1224 86 1291 236
handbag 0.75 1297 338 1352 422
person 0.99 1318 192 1426 527
person 0.95 1402 214 1516 541
handbag 0.38 1409 510 1529 574
person 1.0 1502 196 1616 532
person 0.98 1650 174 1755 581
handbag 0.83 1685 413 1775 512
person 0.96 1730 196 1844 524
person 0.44 1739 147 1814 239
backpack 0.79 1797 279 1872 361
