person 0.94 -9 145 142 1074
backpack 0.48 -4 268 131 670
person 0.87 1 152 77 287
person 1.0 70 147 168 297
backpack 0.76 181 229 248 301
person 0.97 344 100 445 378
handbag 0.56 417 264 460 315
handbag 0.3 464 282 518 327
person 0.98 498 122 570 377
person 0.99 642 76 714 294
person 0.72 703 67 751 237
person 0.96 748 70 825 255
person 0.96 815 190 961 528
person 0.74 840 92 917 277
backpack 0.3 850 95 918 218
backpack 0.3 853 126 900 200
backpack 0.53 877 245 957 358
person 0.78 899 65 974 240
backpack 0.36 948 148 985 235
person 0.35 961 83 1024 231
person 0.92 976 114 1051 345
person 0.97 1044 91 1136 348
person 0.26 1106 107 1167 304
person 0.91 1114 66 1188 255
backpack 0.41 1159 88 1202 146
person 0.61 1160 70 1215 241
person 0.94 1201 71 1265 244
person 0.98 1248 75 1316 247
person 0.93 1375 125 1448 345
person 0.96 1381 197 1491 412
person 0.95 1777 86 1848 240
person 0.88 1813 85 1875 243
person 0.63 1873 87 1922 268
