person 0.99 -2 224 141 588
person 0.73 1 153 75 235
person 0.96 75 152 166 287
backpack 0.6 182 231 251 298
person 0.77 362 78 419 233
person 0.81 379 197 439 461
person 0.62 415 59 473 207
person 0.97 419 195 526 476
handbag 0.33 448 331 498 368
person 0.49 481 99 549 278
person 0.38 502 74 542 138
person 0.46 532 96 602 271
person 0.34 544 42 594 112
person 0.59 546 137 647 412
person 0.38 579 78 678 360
person 0.27 606 50 689 208
person 0.4 653 50 714 247
person 0.82 694 66 758 240
person 0.95 729 177 811 456
handbag 0.29 741 106 792 166
person 0.58 757 75 821 242
person 0.83 837 79 898 301
person 0.86 896 98 957 254
person 0.27 962 62 1033 145
person 0.99 963 107 1036 335
backpack 0.84 1002 152 1044 225
person 0.98 1036 96 1134 347
person 0.35 1042 65 1111 186
person 0.5 1109 91 1165 279
person 0.95 1158 71 1221 247
person 0.98 1212 65 1293 248
person 0.89 1277 74 1337 249
person 0.98 1710 88 1790 262
handbag 0.42 1727 180 1779 227
person 0.92 1778 86 1848 243
person 0.55 1873 66 1920 257
