person 0.36 1 147 75 231
person 0.9 10 189 116 509
person 0.38 64 202 209 495
person 0.67 78 151 158 235
backpack 0.47 95 240 176 366
person 0.85 118 187 252 478
person 0.91 572 71 627 238
person 0.97 600 47 679 249
handbag 0.4 682 127 711 163
person 0.92 688 79 752 237
person 0.99 749 62 817 246
person 0.41 812 80 863 235
person 0.96 837 177 924 483
person 0.6 860 73 914 188
person 1.0 871 177 1015 576
person 0.83 914 82 966 222
person 0.95 958 82 1029 236
person 0.98 1038 171 1141 494
person 1.0 1189 207 1354 605
person 0.75 1210 81 1305 230
person 0.98 1325 182 1424 535
suitcase 0.34 1408 495 1535 576
person 1.0 1419 200 1526 553
person 0.95 1504 76 1577 248
person 0.28 1507 252 1560 452
person 1.0 1533 213 1651 511
suitcase 0.31 1562 387 1666 510
handbag 0.88 1568 388 1677 506
person 0.99 1634 193 1768 558
person 0.98 1736 204 1873 550
backpack 0.83 1814 276 1886 357
