person 0.97 -2 150 74 293
person 0.99 70 149 168 300
handbag 0.39 181 231 241 299
person 0.98 222 111 323 337
person 0.86 514 103 573 324
person 0.53 541 100 595 331
person 0.33 553 44 613 217
person 0.78 588 108 677 422
person 0.39 594 218 655 417
person 0.99 755 72 825 239
person 1.0 785 161 906 565
person 0.75 814 87 883 233
backpack 0.29 826 116 868 189
person 0.62 871 72 931 195
person 0.29 915 148 986 375
person 1.0 932 189 1056 519
person 0.92 942 73 1005 190
person 0.9 990 115 1067 261
person 0.96 1150 77 1209 252
person 0.99 1187 210 1357 603
person 0.97 1220 83 1290 237
person 0.99 1330 173 1425 543
person 0.97 1406 204 1515 550
person 0.99 1505 75 1576 246
person 0.99 1509 192 1632 534
person 1.0 1649 181 1824 601
handbag 0.63 1750 405 1851 537
person 0.99 1836 205 1914 513
