person 0.99 2 149 78 295
person 0.69 78 149 150 295
person 0.99 107 177 231 438
backpack 0.72 188 229 245 302
person 0.99 245 180 392 521
person 0.62 337 170 442 423
person 0.68 370 69 427 248
person 1.0 493 160 605 495
person 0.86 534 111 618 240
person 0.98 697 68 759 239
backpack 0.4 743 105 797 163
person 0.8 746 77 818 244
person 0.99 785 213 888 511
person 0.84 800 76 873 247
person 0.87 861 73 917 247
person 0.93 916 80 974 271
person 0.98 953 123 1046 367
backpack 0.5 975 170 1031 241
person 0.86 1045 123 1117 346
person 0.95 1108 141 1186 350
person 0.27 1161 83 1227 231
person 0.98 1164 176 1285 542
person 0.64 1205 73 1269 233
person 0.53 1265 84 1325 231
person 0.77 1301 102 1377 307
person 1.0 1331 212 1453 562
person 0.38 1375 101 1433 214
handbag 0.89 1412 415 1497 524
person 0.94 1431 190 1514 455
person 0.65 1504 208 1564 395
person 0.52 1526 190 1645 533
suitcase 0.49 1551 411 1616 536
handbag 0.29 1551 411 1616 536
person 1.0 1555 180 1717 583
person 0.3 1578 204 1619 264
handbag 0.56 1657 288 1736 432
person 0.91 1695 80 1754 235
person 0.99 1697 198 1824 559
person 0.98 1751 80 1825 244
backpack 0.85 1776 273 1851 362
