person 0.93 2 146 69 283
person 0.86 46 182 189 536
person 0.88 76 151 165 274
handbag 0.7 85 308 174 397
handbag 0.59 145 260 237 399
person 1.0 199 207 370 547
person 0.98 383 64 460 266
person 0.93 523 55 580 245
person 0.79 581 55 647 251
person 0.95 600 167 676 384
handbag 0.34 628 207 673 287
handbag 0.3 764 204 818 260
backpack 0.38 769 132 817 199
person 0.95 782 191 904 524
backpack 0.38 838 245 913 362
person 0.27 853 164 918 273
person 0.85 870 79 933 237
person 0.98 933 117 1007 382
backpack 0.26 940 121 1008 254
person 0.48 940 78 1005 185
backpack 0.5 978 169 1015 241
person 0.88 1002 104 1061 367
person 1.0 1131 193 1276 635
person 0.96 1137 91 1208 259
person 0.93 1216 85 1286 225
handbag 0.53 1299 336 1356 422
person 0.96 1299 194 1418 516
person 0.29 1387 93 1426 203
person 1.0 1403 182 1507 537
handbag 0.52 1409 510 1528 575
person 0.99 1502 209 1616 541
person 1.0 1645 167 1750 599
person 0.99 1706 248 1867 620
