person 0.79 6 142 62 293
person 0.99 15 202 217 522
person 0.44 90 152 150 202
person 0.75 123 199 242 458
backpack 0.35 179 225 255 318
person 0.97 281 165 383 385
person 0.88 381 61 435 253
person 0.99 610 61 680 285
person 0.61 648 79 697 248
handbag 0.34 747 98 792 170
person 0.99 752 60 820 258
person 0.98 792 211 896 515
person 0.77 805 73 861 239
backpack 0.32 807 250 892 352
person 0.97 856 71 915 250
person 0.94 903 59 996 368
backpack 0.46 928 171 980 242
person 0.34 929 72 1002 247
person 0.94 993 112 1063 333
person 0.99 1054 29 1116 266
person 0.99 1135 54 1217 258
person 0.99 1167 174 1272 537
person 0.94 1211 76 1290 234
person 0.75 1298 89 1359 238
person 1.0 1347 161 1721 886
handbag 0.49 1373 237 1400 296
person 0.98 1376 179 1462 490
handbag 0.45 1407 496 1499 575
person 0.95 1425 193 1537 524
person 0.8 1508 110 1578 250
person 0.35 1602 130 1653 203
person 0.92 1638 213 1740 553
person 0.94 1708 199 1843 559
backpack 0.49 1771 275 1846 361
handbag 0.33 1771 275 1846 361
