person 0.98 3 148 78 297
person 0.26 40 143 103 303
person 0.98 80 160 181 486
person 0.31 91 149 163 289
backpack 0.55 183 230 246 300
person 0.99 231 124 340 366
person 0.97 368 70 430 253
person 0.94 490 86 557 294
person 0.37 546 58 615 202
person 0.98 546 99 643 337
person 1.0 655 46 736 265
handbag 0.25 744 101 792 171
person 0.94 750 64 823 262
person 0.97 788 206 896 517
person 0.76 804 79 871 245
person 0.94 861 78 919 250
person 0.98 908 90 996 347
person 0.29 943 72 1002 182
person 0.28 971 82 1009 160
person 0.98 989 95 1060 350
person 0.57 1068 73 1127 249
handbag 0.3 1068 110 1117 186
person 0.96 1100 67 1171 261
person 0.94 1159 68 1221 240
person 0.98 1171 185 1291 534
person 0.88 1214 72 1285 235
handbag 0.39 1259 297 1294 373
person 0.94 1312 207 1405 430
person 0.62 1315 87 1365 235
handbag 0.34 1364 330 1406 394
person 1.0 1371 201 1509 560
person 0.27 1409 185 1453 259
person 0.34 1465 188 1532 306
suitcase 0.26 1506 410 1618 523
handbag 0.74 1521 406 1624 523
person 0.98 1523 195 1622 470
person 0.77 1539 78 1606 225
person 0.99 1581 176 1731 578
person 0.76 1654 74 1727 221
person 0.98 1693 181 1818 542
tie 0.26 1697 101 1705 113
person 0.92 1809 178 1900 469
person 0.84 1862 196 1919 463
