person 0.83 2 150 78 323
person 1.0 77 148 168 298
backpack 0.27 189 230 243 298
person 0.99 240 142 348 405
person 0.97 342 62 429 325
person 0.95 438 100 505 325
person 0.95 481 116 580 363
person 0.28 544 53 613 152
person 0.73 551 62 609 262
person 0.93 585 149 680 380
person 0.63 605 54 662 203
person 0.96 664 49 734 248
person 0.32 713 61 764 239
person 0.94 746 75 814 250
handbag 0.28 752 102 805 168
person 0.62 799 73 852 249
person 0.93 840 76 914 308
person 0.71 891 193 994 509
person 0.7 906 80 967 229
handbag 0.58 914 250 994 354
backpack 0.44 933 252 1004 356
person 0.26 961 91 1029 230
person 0.86 980 103 1053 336
backpack 0.43 987 134 1059 238
backpack 0.32 1001 154 1049 222
person 0.94 1042 91 1138 348
backpack 0.26 1075 146 1122 213
person 0.49 1103 108 1164 305
person 0.28 1112 88 1176 233
person 0.94 1159 66 1220 239
person 0.94 1217 68 1289 245
person 0.98 1264 71 1329 247
person 1.0 1465 197 1602 573
person 0.99 1490 71 1562 240
person 1.0 1656 162 1791 597
person 0.93 1701 91 1761 221
person 0.99 1772 89 1859 233
backpack 0.26 1807 104 1853 164
person 0.63 1874 62 1920 260
