person 0.97 -2 151 73 292
person 0.99 65 149 166 298
backpack 0.75 179 231 250 299
person 0.99 663 120 735 341
person 0.3 762 114 834 259
backpack 0.67 771 133 813 214
person 0.98 793 190 906 530
person 0.67 799 106 861 263
backpack 0.4 810 246 882 359
person 0.34 836 195 949 464
person 0.63 862 79 924 225
person 0.29 895 79 959 234
person 0.76 899 176 977 437
person 0.83 938 117 999 365
person 0.48 939 79 1005 238
person 0.85 997 110 1057 332
backpack 0.43 1029 144 1065 218
person 1.0 1132 194 1276 635
person 0.97 1160 77 1224 240
person 0.96 1219 87 1291 232
handbag 0.5 1297 333 1349 424
person 0.99 1316 190 1428 526
person 0.98 1406 217 1511 538
handbag 0.35 1409 510 1529 574
person 0.99 1499 215 1612 534
person 0.99 1505 74 1575 246
person 0.95 1660 191 1801 564
backpack 0.85 1744 242 1846 368
person 0.51 1867 84 1921 280
