person 0.9 2 150 74 292
person 0.99 73 146 167 300
person 0.99 183 175 282 460
person 1.0 267 119 361 371
person 0.28 368 59 422 247
person 0.31 387 72 454 240
person 0.99 407 168 520 483
person 0.88 493 162 571 380
person 0.96 538 56 601 256
person 0.97 613 66 661 283
person 0.71 670 47 720 265
person 0.98 693 43 754 258
person 0.9 758 69 828 252
person 0.99 819 197 962 519
person 0.8 829 86 910 267
backpack 0.53 859 252 944 354
person 0.9 899 83 972 235
person 0.99 979 121 1049 345
person 0.28 999 83 1044 154
person 0.74 1055 106 1117 266
person 0.97 1065 174 1236 687
person 0.9 1119 82 1181 233
person 0.85 1167 74 1227 239
handbag 0.73 1183 321 1255 449
person 0.73 1199 76 1249 241
person 0.97 1244 74 1308 245
handbag 0.48 1284 310 1316 364
person 1.0 1289 196 1372 465
person 0.95 1363 200 1455 452
person 0.98 1452 194 1530 440
bench 0.3 1555 198 1648 238
person 0.97 1779 84 1848 240
person 0.82 1816 83 1880 243
person 0.67 1870 93 1918 264
