person 0.99 1 207 84 504
person 0.54 6 150 58 205
person 0.88 79 151 154 236
handbag 0.55 88 371 139 446
backpack 0.48 88 235 169 371
person 0.86 111 204 212 500
backpack 0.57 127 238 213 366
person 0.98 192 177 282 479
handbag 0.67 451 311 517 395
person 1.0 456 197 599 571
person 0.98 459 44 528 251
cell_phone 0.34 503 245 516 256
person 0.79 528 54 595 248
person 0.98 579 168 668 501
person 0.99 832 166 923 546
backpack 0.78 849 117 902 189
person 0.52 853 99 923 253
backpack 0.28 853 98 925 223
person 0.98 881 151 1017 571
person 0.87 909 70 963 235
person 0.98 956 80 1026 235
person 0.87 1080 98 1177 378
person 0.86 1118 218 1196 445
person 1.0 1193 210 1355 608
person 0.97 1207 78 1276 248
person 0.76 1271 71 1328 238
person 0.93 1303 72 1365 237
person 0.99 1327 192 1422 526
person 0.29 1360 89 1411 226
person 0.99 1402 184 1500 531
handbag 0.28 1408 509 1530 574
person 1.0 1531 204 1640 522
handbag 0.83 1590 407 1673 529
person 0.99 1631 176 1755 551
person 0.91 1731 190 1829 534
person 0.27 1819 215 1887 385
person 0.98 1842 229 1922 527
