person 0.38 0 178 61 305
person 0.85 1 146 70 239
person 1.0 4 142 264 1020
person 1.0 174 100 279 321
person 0.91 303 52 396 277
handbag 0.49 349 91 396 173
person 0.71 408 83 466 278
person 0.99 421 76 529 313
person 1.0 627 193 731 477
person 0.92 753 149 820 394
person 0.44 757 77 815 188
person 0.99 793 174 913 531
person 0.54 801 72 856 189
backpack 0.83 802 246 875 362
person 0.96 866 77 934 239
person 0.99 915 120 997 371
backpack 0.53 919 170 975 238
backpack 0.31 935 139 1005 247
person 0.68 940 75 998 178
person 0.91 995 104 1066 342
person 1.0 1149 212 1329 611
person 0.9 1226 85 1288 220
person 0.99 1320 178 1423 522
person 1.0 1419 219 1542 537
person 0.28 1420 193 1480 345
person 0.73 1485 162 1536 246
person 1.0 1526 188 1622 535
handbag 0.95 1570 389 1675 497
person 1.0 1627 186 1764 572
person 1.0 1763 193 1906 565
backpack 0.63 1852 273 1915 373
