person 0.98 1 150 75 294
person 0.99 68 146 164 301
person 0.99 180 174 298 477
person 0.99 317 88 405 339
person 0.84 360 66 423 255
person 0.36 385 93 438 260
person 0.91 529 79 597 239
person 0.98 594 78 661 304
person 0.98 694 51 763 259
handbag 0.34 725 102 781 169
backpack 0.31 736 104 792 167
person 0.87 750 64 821 256
person 0.96 786 201 895 519
person 0.82 797 73 868 245
backpack 0.67 801 252 890 354
person 0.97 857 74 920 247
person 0.96 905 96 994 345
person 0.28 914 68 976 184
backpack 0.34 926 153 979 223
person 0.95 980 102 1072 342
person 0.98 1062 69 1141 254
person 0.99 1149 58 1215 240
person 0.99 1167 176 1271 545
person 0.92 1210 74 1275 231
person 0.29 1246 80 1298 224
person 0.93 1254 211 1336 425
person 0.7 1321 90 1373 219
person 0.71 1358 215 1417 437
person 1.0 1369 198 1503 561
person 0.99 1506 198 1613 516
handbag 0.71 1543 404 1619 529
person 0.69 1559 82 1626 225
person 1.0 1578 177 1732 578
person 0.64 1645 76 1719 221
person 0.95 1700 196 1808 521
person 0.3 1741 195 1843 473
person 0.43 1750 175 1800 241
person 0.98 1783 194 1891 470
person 0.38 1794 169 1884 255
