person 0.93 2 145 75 294
person 0.44 3 142 32 515
person 0.54 79 151 156 281
backpack 0.42 101 212 174 341
person 0.6 102 202 174 381
backpack 0.68 118 248 176 308
person 1.0 167 168 262 499
handbag 0.33 207 389 276 449
handbag 0.44 222 370 296 456
person 1.0 265 170 369 533
person 1.0 366 140 498 549
person 0.61 374 79 449 227
handbag 0.63 473 359 531 482
person 0.9 486 145 567 351
handbag 0.67 562 368 628 450
person 1.0 612 174 708 470
person 0.89 614 61 674 233
person 0.94 754 64 818 261
person 0.99 819 198 964 522
person 0.88 842 85 911 272
backpack 0.81 876 249 958 360
person 0.74 912 79 982 245
person 0.96 976 124 1059 340
person 0.54 986 59 1049 149
person 0.9 1058 112 1127 352
person 0.79 1120 71 1177 296
person 0.92 1169 67 1219 250
person 0.98 1190 186 1294 535
person 0.58 1215 75 1268 228
backpack 0.38 1234 94 1271 152
person 0.8 1241 79 1295 224
handbag 0.34 1305 328 1350 402
person 0.99 1316 184 1427 517
handbag 0.65 1435 335 1473 392
person 1.0 1448 200 1555 526
person 0.99 1555 203 1696 544
backpack 0.77 1652 277 1708 362
person 0.94 1779 86 1847 241
person 0.74 1814 87 1880 242
person 0.62 1874 92 1919 268
