person 0.97 1 193 106 513
person 0.69 3 155 78 268
person 0.25 74 151 118 233
person 1.0 101 160 218 478
person 0.98 219 201 350 556
person 0.95 276 152 379 380
handbag 0.83 289 384 380 513
person 0.94 364 64 432 262
person 1.0 445 147 535 396
person 0.83 486 66 553 204
person 0.99 553 53 636 256
person 0.56 620 62 678 243
person 0.98 656 47 738 252
person 0.99 743 71 816 253
backpack 0.33 749 103 804 163
person 0.99 802 76 881 287
person 0.88 896 88 960 261
person 0.38 949 64 1014 189
person 0.99 955 93 1047 343
person 0.32 1017 67 1083 246
person 0.98 1042 90 1138 353
person 0.58 1103 74 1167 240
handbag 0.32 1125 155 1163 206
person 0.99 1159 65 1225 251
person 0.95 1210 151 1281 345
person 0.85 1228 62 1285 203
person 0.96 1337 107 1403 298
person 0.79 1517 85 1585 244
person 0.98 1558 83 1637 249
handbag 0.41 1610 118 1636 155
person 0.99 1775 85 1856 238
person 0.71 1873 83 1922 275
