person 0.83 2 146 75 236
backpack 0.28 3 280 62 436
person 1.0 41 217 218 610
person 0.84 80 156 150 261
person 0.96 128 157 252 394
backpack 0.78 209 222 256 309
person 0.99 463 65 527 261
person 0.75 546 191 648 421
person 0.99 593 45 663 250
person 0.3 742 88 844 344
person 0.41 758 126 822 301
handbag 0.61 763 189 816 255
person 0.96 784 195 907 528
backpack 0.42 844 233 920 366
person 0.37 858 170 928 312
person 0.66 866 80 935 224
person 0.97 931 98 1011 375
backpack 0.43 940 123 1002 298
backpack 0.35 952 167 1007 243
person 0.8 1004 104 1059 365
backpack 0.37 1122 106 1170 170
person 0.66 1127 104 1189 252
person 1.0 1131 200 1276 632
person 0.9 1148 72 1217 255
person 0.92 1215 82 1286 235
handbag 0.7 1297 336 1351 422
person 0.98 1316 187 1427 527
person 0.99 1404 181 1500 537
suitcase 0.35 1409 498 1531 574
person 1.0 1499 196 1616 526
handbag 0.77 1563 384 1677 508
suitcase 0.53 1564 383 1662 511
person 0.99 1641 197 1760 559
person 0.97 1728 207 1829 559
backpack 0.31 1800 276 1882 369
person 0.99 1828 248 1922 571
