person 0.78 2 150 77 270
person 0.98 3 205 81 505
person 0.88 80 146 158 277
backpack 0.58 98 235 176 373
person 0.86 116 197 223 500
backpack 0.33 122 258 201 382
person 0.99 166 181 269 486
person 1.0 250 118 345 405
handbag 0.62 322 368 415 508
person 1.0 349 196 596 847
bench 0.42 376 187 502 232
person 1.0 574 115 728 700
person 0.99 754 72 811 237
person 0.91 855 75 920 237
person 0.3 862 180 941 536
person 0.99 875 192 1018 558
backpack 0.45 879 119 923 184
person 0.7 902 76 964 232
person 0.66 946 82 1010 238
person 0.82 989 93 1042 259
person 0.99 1053 58 1124 255
person 0.96 1138 63 1210 243
person 0.99 1175 199 1336 616
person 0.93 1210 76 1271 237
person 0.73 1269 66 1331 201
person 0.99 1327 185 1420 529
person 0.99 1401 180 1501 538
handbag 0.3 1513 333 1548 398
person 1.0 1527 202 1642 523
handbag 0.78 1591 406 1679 523
suitcase 0.26 1591 406 1679 523
person 0.99 1634 175 1756 548
person 0.94 1728 209 1835 546
backpack 0.64 1759 249 1850 364
