person 0.98 0 149 75 293
person 0.99 72 149 168 298
handbag 0.46 183 234 233 300
person 1.0 190 118 292 372
handbag 0.41 241 163 290 242
person 0.95 298 115 397 349
person 0.99 385 113 487 347
person 0.91 645 64 701 234
person 0.9 709 74 770 240
person 0.67 767 107 826 259
person 0.95 788 198 906 527
person 0.34 789 103 851 225
backpack 0.39 835 245 916 360
person 0.91 870 79 933 223
person 0.41 884 218 951 425
person 0.7 933 123 1004 354
person 0.62 941 79 1006 237
person 0.78 995 112 1067 325
person 1.0 1046 195 1196 672
person 0.86 1154 82 1227 216
person 1.0 1168 206 1295 624
cell_phone 0.25 1168 314 1189 324
person 0.92 1224 86 1292 221
handbag 0.71 1294 337 1350 424
person 0.99 1317 184 1426 532
person 0.28 1384 87 1422 211
person 0.98 1404 203 1512 551
handbag 0.37 1410 509 1528 575
person 1.0 1500 191 1612 536
person 0.92 1507 72 1579 241
handbag 0.3 1541 102 1579 170
person 0.99 1639 174 1759 581
handbag 0.69 1690 411 1789 517
person 0.99 1776 223 1914 539
