person 0.55 0 146 77 235
person 0.97 4 191 88 499
person 0.29 65 38 1269 349
person 0.99 82 191 233 462
person 0.81 84 151 163 236
suitcase 0.45 183 362 280 448
person 0.92 191 188 279 390
person 0.93 241 93 309 288
person 0.99 367 176 485 521
person 0.4 370 81 427 226
person 0.62 436 96 497 222
handbag 0.39 454 359 515 423
person 0.96 490 114 594 361
person 0.64 553 49 623 219
person 0.86 573 201 676 445
person 0.46 591 44 646 221
person 0.97 639 51 715 253
person 0.82 707 60 763 244
handbag 0.49 748 104 800 165
person 0.84 756 65 822 256
person 0.91 802 67 895 309
person 0.72 857 60 917 305
person 0.72 893 71 952 247
person 0.53 954 85 1021 238
person 0.63 967 111 1040 318
person 0.86 978 185 1098 475
person 0.26 1014 54 1086 152
person 0.87 1056 117 1140 304
person 0.44 1115 83 1174 233
person 0.85 1165 65 1219 241
person 0.98 1203 68 1284 248
person 0.99 1463 205 1560 458
person 1.0 1554 193 1662 462
person 0.96 1628 82 1698 236
person 0.98 1694 200 1772 397
person 0.9 1711 93 1768 229
person 0.99 1775 84 1858 239
person 0.69 1868 84 1922 277
