person 0.98 0 148 78 292
person 0.97 69 147 164 300
person 0.61 135 234 201 435
person 0.92 165 209 266 454
person 0.99 217 198 506 1026
person 0.88 367 69 430 241
person 0.98 424 129 503 367
person 0.25 519 130 575 355
person 0.98 541 147 619 378
person 0.63 584 53 649 217
person 0.9 685 45 747 257
person 0.9 746 67 809 261
person 0.99 800 80 879 296
person 0.96 894 92 964 260
person 0.98 946 105 1034 338
person 0.38 961 66 1037 188
person 0.94 1034 79 1126 347
backpack 0.25 1045 113 1111 255
backpack 0.26 1069 151 1117 225
person 0.89 1121 74 1177 298
person 0.56 1165 82 1225 282
person 0.81 1215 86 1263 267
person 0.89 1267 75 1327 250
person 0.28 1291 76 1345 249
person 1.0 1440 65 1497 258
person 0.46 1872 49 1923 268
