person 0.97 -1 151 70 291
person 0.98 66 148 166 298
backpack 0.72 179 231 250 299
person 1.0 384 47 464 249
person 1.0 474 59 558 255
person 0.99 572 41 649 262
person 0.98 756 124 828 361
person 0.99 782 200 896 514
person 0.36 796 73 854 186
backpack 0.57 807 252 892 359
person 0.56 813 74 868 236
person 0.9 858 80 921 247
person 0.98 897 194 1039 455
person 0.63 912 124 981 253
person 0.62 942 79 1000 181
person 0.94 996 113 1065 321
person 1.0 1144 206 1326 620
person 0.3 1224 86 1288 185
person 0.7 1260 129 1336 252
person 0.71 1315 108 1380 254
person 1.0 1324 170 1417 527
person 0.81 1378 90 1430 218
person 1.0 1425 208 1542 543
person 1.0 1536 201 1642 522
handbag 0.72 1609 413 1682 520
person 1.0 1621 178 1764 579
handbag 0.32 1718 298 1794 421
person 0.98 1743 192 1879 564
car 0.5 1843 275 1908 372
backpack 0.37 1843 275 1908 372
