person 0.97 0 150 73 289
person 0.99 63 148 167 300
backpack 0.76 180 230 250 299
person 1.0 359 51 433 267
person 0.99 458 36 526 272
person 0.99 509 37 580 271
backpack 0.59 589 91 642 146
person 0.89 591 64 656 230
person 0.99 607 163 721 552
person 0.95 644 87 728 236
person 0.75 762 85 835 222
person 0.93 782 191 898 527
backpack 0.28 811 245 890 363
backpack 0.58 840 240 919 364
person 0.87 854 71 915 235
person 0.39 885 217 947 421
person 0.38 897 77 949 242
person 0.91 935 107 1003 376
person 0.31 942 79 1002 240
person 0.89 1004 101 1059 366
person 0.59 1129 81 1177 251
person 1.0 1133 190 1277 640
person 0.89 1157 87 1224 242
person 0.96 1219 84 1289 231
handbag 0.65 1295 335 1349 424
person 0.99 1316 184 1425 532
person 0.3 1376 91 1427 225
person 0.99 1408 196 1508 556
suitcase 0.42 1410 495 1533 575
person 1.0 1496 195 1614 528
backpack 0.34 1506 264 1602 381
handbag 0.71 1561 384 1638 511
suitcase 0.38 1561 384 1638 511
person 0.97 1580 68 1643 283
handbag 0.43 1606 115 1647 185
person 1.0 1626 184 1755 569
handbag 0.36 1716 289 1790 433
person 0.88 1721 217 1834 537
backpack 0.72 1791 278 1863 372
