person 0.74 1 152 59 287
person 0.94 22 150 148 406
person 0.86 89 153 172 284
backpack 0.59 183 231 247 298
person 0.99 240 139 334 386
person 0.94 325 161 431 403
person 1.0 534 62 615 264
handbag 0.38 568 100 606 170
person 0.99 653 69 716 247
person 0.93 706 76 766 249
handbag 0.28 751 117 801 184
person 0.73 753 83 827 270
person 0.97 787 209 900 514
backpack 0.71 801 252 888 349
person 0.47 802 106 879 261
person 0.73 867 72 928 231
person 1.0 899 172 1050 481
person 0.43 904 72 971 234
person 0.27 936 124 1011 243
person 0.66 943 73 1006 182
backpack 0.37 993 234 1064 350
person 0.73 1002 102 1071 316
person 0.8 1049 72 1099 239
person 1.0 1144 208 1327 606
person 0.35 1154 148 1224 339
person 0.33 1216 118 1276 249
person 0.34 1252 119 1321 249
person 0.25 1321 131 1376 297
person 0.55 1338 137 1408 283
handbag 0.28 1352 337 1391 390
person 0.99 1357 180 1455 486
handbag 0.34 1411 510 1529 574
person 1.0 1429 203 1541 546
person 0.83 1445 71 1514 233
person 1.0 1526 190 1633 538
person 0.31 1612 186 1674 352
handbag 0.96 1618 422 1700 502
person 0.93 1627 169 1768 554
person 0.83 1772 183 1881 470
person 0.81 1858 178 1918 591
