person 0.96 2 147 76 293
person 0.95 86 148 191 399
handbag 0.94 117 388 201 508
person 0.51 121 73 198 188
person 1.0 164 181 307 584
person 0.73 243 150 319 277
person 1.0 289 199 401 461
person 0.98 369 52 435 261
person 0.32 464 106 533 213
person 0.99 472 165 576 548
handbag 0.55 537 424 588 492
person 0.98 602 48 662 252
backpack 0.28 644 86 688 155
person 0.86 645 62 701 247
suitcase 0.98 660 415 744 522
person 0.96 696 59 764 241
person 1.0 727 171 856 544
person 0.57 756 74 829 233
person 0.98 837 188 959 523
person 0.72 841 73 909 249
backpack 0.77 884 245 961 362
person 0.91 903 82 969 240
person 0.57 955 59 1022 245
person 0.97 976 115 1052 348
person 0.95 1057 105 1123 360
person 0.93 1119 82 1187 295
person 0.96 1166 177 1281 537
person 0.27 1175 76 1227 246
person 0.69 1198 81 1258 237
person 0.92 1245 75 1304 244
handbag 0.36 1257 299 1291 369
person 1.0 1319 187 1450 514
person 1.0 1449 190 1573 527
person 0.99 1605 199 1713 552
backpack 0.8 1668 252 1752 363
person 0.96 1777 84 1841 241
person 0.89 1822 86 1890 244
person 0.64 1873 89 1919 265
