person 0.43 -8 204 65 334
person 0.89 1 146 77 242
person 0.97 20 -7 444 1074
person 0.8 76 150 148 231
backpack 0.38 352 384 496 666
person 1.0 367 188 717 1036
person 0.81 404 60 469 292
person 0.89 435 62 500 300
person 0.67 486 76 537 220
person 0.87 561 208 635 429
person 1.0 613 199 850 658
person 0.84 616 52 675 197
person 0.83 637 128 720 307
person 0.89 679 46 742 198
backpack 0.57 822 114 859 187
person 0.97 826 83 882 275
person 0.38 869 153 979 565
person 0.76 895 71 959 233
person 0.99 896 152 1052 663
person 0.35 942 54 995 201
backpack 0.33 946 121 989 173
handbag 0.26 946 121 989 173
handbag 0.33 1162 148 1189 188
person 0.95 1168 73 1239 248
person 1.0 1172 192 1328 638
person 0.92 1200 72 1265 251
person 0.43 1266 83 1329 226
person 1.0 1295 91 1805 1103
person 0.99 1312 175 1442 536
person 0.63 1368 123 1440 232
person 0.36 1399 215 1480 375
person 0.68 1460 75 1524 170
person 0.59 1651 162 1762 380
person 0.6 1672 167 1800 554
person 0.33 1747 190 1801 269
backpack 0.74 1755 248 1840 361
