person 0.98 0 149 74 294
person 0.99 64 150 165 296
person 0.82 122 39 205 209
backpack 0.67 165 78 208 141
person 0.96 166 160 255 391
person 0.98 237 42 321 254
person 0.98 372 18 462 257
person 0.97 473 121 568 364
backpack 0.85 475 168 517 238
person 0.66 510 37 582 225
handbag 0.64 527 249 568 309
umbrella 0.26 527 249 568 309
person 0.9 733 65 797 251
person 0.87 785 137 861 341
person 0.3 798 67 838 146
person 0.97 812 187 960 531
backpack 0.82 853 243 942 363
person 0.64 865 84 921 222
person 0.3 904 79 970 234
person 0.96 926 119 1001 356
person 0.3 938 82 1006 232
backpack 0.28 968 168 1012 239
person 0.92 996 103 1059 358
person 0.94 1072 86 1128 271
person 0.85 1115 94 1166 274
person 0.97 1137 97 1199 278
person 1.0 1150 215 1331 610
person 0.96 1209 70 1279 248
person 0.99 1319 173 1420 528
person 1.0 1419 212 1542 537
person 1.0 1523 194 1638 532
person 0.62 1524 167 1591 266
person 1.0 1644 167 1760 591
handbag 0.68 1662 417 1749 516
person 0.99 1744 204 1864 520
backpack 0.43 1810 257 1890 355
