person 0.82 2 150 76 273
person 0.98 4 204 80 511
person 0.71 77 149 157 276
handbag 0.35 97 377 150 452
person 0.98 126 172 248 496
person 0.83 179 203 271 485
person 1.0 294 88 400 387
person 1.0 375 180 596 762
person 1.0 578 132 718 628
person 0.99 791 72 850 232
person 0.29 860 183 941 535
person 0.91 868 84 933 276
person 0.99 875 190 1018 559
backpack 0.33 882 118 923 186
backpack 0.54 898 127 939 194
person 0.33 913 86 968 220
person 0.84 946 77 1009 238
person 0.93 1000 71 1067 250
backpack 0.39 1008 119 1051 176
person 0.35 1057 69 1109 238
person 0.99 1091 66 1157 246
person 0.84 1149 184 1250 428
person 1.0 1172 179 1334 637
person 0.79 1210 74 1275 201
person 0.8 1270 69 1332 202
person 0.99 1327 185 1419 529
person 0.99 1400 178 1496 536
suitcase 0.29 1408 508 1535 578
handbag 0.44 1514 333 1548 399
person 1.0 1529 208 1642 515
handbag 0.85 1573 405 1672 515
person 0.97 1638 209 1755 550
handbag 0.28 1718 357 1774 431
person 0.89 1724 217 1837 540
backpack 0.76 1756 244 1852 367
