person 0.98 0 150 74 292
person 0.99 64 148 166 300
backpack 0.77 179 231 251 301
person 1.0 663 115 743 315
backpack 0.46 773 130 809 204
person 0.98 782 183 911 521
person 0.81 803 96 863 221
backpack 0.56 828 268 910 372
person 0.4 829 85 864 189
handbag 0.29 832 238 913 367
person 0.84 864 80 928 232
person 0.97 891 170 983 437
person 0.41 897 78 961 237
person 0.53 940 83 1000 235
person 0.52 953 105 1011 373
backpack 0.33 956 169 1001 241
person 0.89 999 109 1056 331
person 1.0 1128 199 1279 634
person 0.97 1154 81 1218 244
person 0.97 1220 88 1290 231
handbag 0.36 1297 334 1350 423
person 0.99 1316 193 1427 526
person 0.3 1375 89 1427 225
person 0.98 1406 217 1514 537
person 0.99 1495 196 1615 531
person 0.99 1502 75 1575 244
handbag 0.34 1562 272 1627 378
backpack 0.33 1562 272 1627 378
handbag 0.59 1590 408 1676 524
person 0.96 1623 196 1762 559
person 0.61 1688 206 1803 554
backpack 0.8 1742 244 1842 367
person 0.63 1866 85 1920 279
