handbag 0.94 -4 412 133 592
person 0.35 3 221 73 437
person 0.94 3 149 75 285
person 0.33 4 176 78 652
person 0.98 67 146 155 298
person 1.0 134 185 247 451
backpack 0.79 188 227 251 305
person 0.99 330 182 445 453
person 0.78 358 78 435 238
person 0.99 437 66 513 266
person 0.91 513 62 585 269
person 0.72 555 60 620 267
person 0.81 585 68 648 240
person 0.99 646 63 726 261
handbag 0.26 750 106 800 160
person 0.89 753 71 819 248
person 0.97 792 65 886 305
person 0.83 889 73 962 256
person 0.52 942 74 1010 244
person 0.98 954 95 1047 342
person 0.48 1037 78 1108 240
person 0.92 1039 79 1134 356
person 0.36 1081 80 1175 351
person 0.44 1107 94 1168 276
handbag 0.41 1132 153 1173 203
person 0.94 1166 66 1230 248
person 0.9 1212 182 1288 400
handbag 0.28 1212 193 1287 360
person 0.9 1226 57 1283 209
person 0.54 1426 92 1516 337
person 0.58 1448 83 1502 242
person 0.99 1599 84 1643 239
person 0.99 1778 86 1854 237
person 0.7 1876 83 1923 275
