person 0.98 -1 150 75 293
person 0.99 67 148 168 300
backpack 0.84 179 230 250 300
person 1.0 246 108 346 333
handbag 0.28 287 139 338 213
person 0.92 360 93 433 317
person 0.89 401 91 470 321
person 0.94 428 97 496 320
handbag 0.31 442 146 486 205
person 0.91 663 70 723 236
person 0.98 701 76 778 246
person 0.69 769 107 835 266
person 0.96 794 193 897 519
person 0.29 832 169 915 260
person 0.87 867 76 937 237
person 0.99 891 165 1043 654
person 0.8 938 73 1004 237
person 0.58 992 107 1070 265
person 1.0 1134 202 1278 629
person 0.97 1151 73 1229 252
person 0.95 1221 87 1291 232
handbag 0.76 1296 338 1350 423
person 0.99 1318 188 1425 531
person 0.34 1385 86 1422 209
person 0.97 1407 200 1511 555
handbag 0.26 1409 508 1531 577
person 1.0 1497 199 1615 524
person 0.91 1526 69 1592 246
handbag 0.5 1550 99 1593 172
handbag 0.79 1572 404 1675 523
suitcase 0.33 1572 404 1675 523
person 0.99 1625 194 1759 570
person 1.0 1726 217 1888 544
backpack 0.4 1810 274 1887 363
