person 0.94 3 152 68 289
person 0.99 37 175 193 490
backpack 0.65 80 223 175 334
person 0.34 99 152 167 265
person 0.3 113 155 157 226
backpack 0.52 184 229 246 301
person 0.57 369 57 418 253
person 0.96 387 83 482 357
person 0.52 438 60 523 195
person 0.99 480 151 564 392
person 0.89 542 55 612 243
handbag 0.88 553 458 690 581
person 0.96 573 168 711 669
person 0.81 601 86 669 232
person 0.96 737 66 812 258
person 0.99 793 205 905 512
person 0.86 797 78 879 242
backpack 0.48 837 253 906 354
person 0.82 860 139 947 291
handbag 0.8 880 150 971 281
person 0.91 912 80 983 226
person 0.99 1003 126 1079 371
backpack 0.5 1020 168 1075 237
person 0.93 1068 96 1131 339
person 0.26 1106 72 1146 143
person 0.64 1127 74 1184 295
suitcase 0.91 1143 584 1368 906
person 0.67 1146 67 1207 258
person 0.96 1170 178 1283 546
person 0.85 1200 80 1253 241
handbag 0.28 1256 296 1293 373
person 0.89 1257 94 1309 266
handbag 0.53 1304 388 1362 504
person 0.95 1311 102 1370 277
person 0.99 1312 165 1479 548
person 1.0 1349 55 1710 1053
person 0.8 1375 99 1435 225
person 0.29 1499 201 1552 264
person 0.99 1690 205 1823 550
person 0.9 1785 90 1839 238
person 0.89 1829 88 1882 239
person 0.91 1872 158 1917 382
