person 0.99 0 199 115 562
person 0.32 14 152 116 281
person 0.77 77 151 162 277
handbag 0.44 80 293 149 413
person 1.0 118 185 277 593
person 1.0 417 62 503 264
person 0.91 576 83 669 388
person 0.6 595 195 662 398
person 0.29 754 112 815 258
person 0.83 783 182 903 530
backpack 0.43 801 249 878 349
person 0.76 866 80 934 237
person 0.95 923 110 1008 372
person 0.35 941 82 1010 237
backpack 0.36 943 134 1002 280
backpack 0.41 952 167 1007 245
person 0.79 1002 109 1061 362
backpack 0.29 1023 143 1065 217
backpack 0.66 1123 120 1164 171
person 0.57 1129 106 1189 256
person 1.0 1131 197 1278 630
person 0.86 1150 71 1212 254
person 0.91 1215 83 1283 230
handbag 0.65 1298 337 1348 422
person 0.98 1318 184 1425 530
person 0.38 1377 91 1432 222
person 0.99 1403 181 1507 537
handbag 0.51 1411 510 1527 575
person 1.0 1508 206 1634 547
person 1.0 1650 176 1760 591
handbag 0.5 1714 288 1792 427
person 1.0 1773 232 1909 599
