person 0.99 -1 149 78 292
person 0.99 69 149 169 300
backpack 0.77 183 231 244 302
handbag 0.76 202 452 388 601
person 0.51 210 349 422 644
handbag 0.48 217 220 431 672
person 1.0 219 94 452 859
person 0.84 363 62 432 242
person 0.93 466 109 537 321
person 0.99 502 173 661 810
backpack 0.46 526 70 602 191
person 0.8 527 56 595 239
backpack 0.28 545 85 594 163
person 0.7 616 51 682 247
handbag 0.96 624 334 717 492
person 0.98 645 41 718 256
person 0.25 690 60 751 246
handbag 0.41 737 105 793 163
person 0.97 743 68 815 258
person 0.97 805 74 880 296
person 0.41 824 65 921 302
person 0.78 896 88 959 262
person 0.97 945 110 1027 332
backpack 0.34 945 136 1018 227
person 0.34 961 67 1030 182
person 0.41 978 69 1025 145
person 0.98 1036 89 1132 338
person 0.36 1102 110 1154 301
person 0.92 1143 75 1208 246
person 0.99 1197 78 1266 249
person 0.99 1304 75 1377 252
person 0.99 1438 70 1509 260
