person 0.99 4 204 88 510
backpack 0.36 4 278 39 356
person 0.52 4 159 74 255
person 0.79 77 150 161 273
backpack 0.79 92 236 174 372
handbag 0.3 95 380 147 452
person 0.93 112 204 214 498
backpack 0.37 121 257 206 385
person 0.99 171 184 269 478
person 0.99 452 55 794 1122
person 0.9 546 53 608 201
person 0.78 612 54 691 140
person 0.98 784 67 845 232
person 0.91 868 91 940 270
person 0.98 871 158 1011 564
backpack 0.75 879 124 932 197
person 0.31 910 79 970 237
person 0.77 945 76 1010 239
person 0.9 995 76 1060 241
backpack 0.54 1005 116 1046 178
person 0.98 1048 65 1110 241
handbag 0.54 1076 98 1113 169
person 1.0 1174 196 1336 627
person 0.98 1202 76 1274 246
person 0.91 1272 67 1335 199
person 0.99 1324 179 1430 538
person 0.31 1356 99 1418 215
person 0.51 1404 153 1459 334
person 1.0 1410 207 1538 552
person 1.0 1535 196 1631 526
handbag 0.48 1612 411 1689 539
person 0.97 1643 181 1753 537
person 0.91 1697 211 1797 548
backpack 0.46 1753 244 1839 366
person 0.94 1839 181 1924 475
