person 0.98 0 146 74 291
person 0.99 66 149 167 295
backpack 0.75 179 231 251 301
person 0.83 729 60 780 250
person 0.29 750 120 814 315
person 0.99 789 195 894 520
person 0.62 790 83 852 236
person 0.95 852 78 913 244
person 1.0 905 117 998 371
person 0.47 945 77 1007 183
person 0.95 994 106 1060 359
person 0.94 1053 77 1115 246
person 0.92 1112 192 1203 422
person 0.96 1113 76 1168 236
person 1.0 1143 207 1322 621
person 0.92 1229 80 1287 220
person 0.99 1317 185 1431 525
person 0.53 1410 170 1477 313
person 1.0 1417 211 1544 542
person 0.44 1472 139 1545 229
person 0.3 1496 133 1574 236
person 1.0 1526 187 1626 535
person 0.72 1541 123 1611 246
handbag 0.66 1630 412 1715 511
person 0.99 1634 179 1771 590
person 0.99 1764 209 1902 552
backpack 0.53 1854 269 1913 372
