person 0.99 1 204 84 509
person 0.87 2 150 78 270
person 0.96 75 149 159 291
handbag 0.37 95 381 145 458
person 0.95 110 213 211 492
backpack 0.58 129 245 213 362
person 0.99 190 183 280 469
person 0.96 303 89 366 294
person 0.99 349 101 432 333
person 0.97 432 70 493 260
person 0.98 533 200 634 450
handbag 0.26 534 268 590 342
person 0.96 555 44 620 216
person 1.0 589 91 1159 1083
person 0.9 612 42 686 212
person 0.94 629 160 719 421
person 0.28 830 90 880 142
person 0.52 869 79 934 219
person 0.58 904 180 980 305
person 0.85 942 75 1003 192
person 0.47 989 42 1054 144
person 0.99 1003 137 1303 743
person 0.71 1183 174 1311 656
person 0.85 1200 74 1269 244
backpack 0.25 1206 207 1339 451
person 0.99 1254 157 1410 680
person 0.8 1268 67 1334 234
person 0.99 1395 187 1502 570
person 0.51 1397 140 1463 236
person 0.86 1454 79 1510 221
person 0.87 1502 161 1578 320
person 1.0 1527 196 1647 525
person 0.96 1635 199 1766 557
handbag 0.56 1708 421 1799 512
person 0.98 1792 197 1897 509
