person 0.97 -1 147 77 295
person 0.67 54 37 131 174
person 0.96 67 149 165 296
backpack 0.31 114 85 151 151
person 0.97 134 177 239 408
person 0.97 163 44 271 255
person 0.99 351 16 446 261
person 0.9 468 43 556 279
backpack 0.29 492 122 559 252
person 0.92 501 115 601 351
backpack 0.53 514 157 561 224
person 0.96 695 64 753 247
person 0.38 754 73 819 245
person 0.48 762 127 833 344
person 0.48 791 133 863 343
person 0.95 808 175 950 528
backpack 0.75 854 240 944 358
person 0.86 864 81 929 224
person 0.3 907 81 964 238
person 0.95 931 121 1002 360
person 0.3 940 82 1007 239
backpack 0.33 941 122 1006 255
backpack 0.28 948 171 997 242
person 0.88 1000 105 1062 356
person 0.54 1066 78 1113 242
person 0.96 1101 101 1167 303
person 0.93 1144 106 1208 300
person 1.0 1146 209 1332 613
person 0.95 1215 70 1283 244
person 1.0 1321 176 1419 526
person 0.38 1375 93 1429 216
handbag 0.38 1411 512 1528 574
person 1.0 1420 218 1539 534
person 1.0 1520 194 1630 531
handbag 0.95 1587 392 1671 501
person 0.99 1631 199 1767 553
handbag 0.31 1719 304 1791 417
person 0.92 1735 212 1855 512
