person 0.99 1 146 79 296
person 0.98 74 145 164 298
person 0.27 151 197 220 404
person 0.99 163 182 366 511
handbag 0.29 297 258 336 326
person 0.93 328 137 428 362
person 0.83 368 62 430 253
person 1.0 638 55 705 250
handbag 0.35 750 100 795 169
person 0.97 755 61 832 259
person 0.97 792 207 896 516
person 0.49 806 78 866 236
person 0.98 855 72 919 253
person 0.97 901 66 989 357
backpack 0.32 926 170 983 240
person 0.97 991 99 1055 344
person 0.99 1052 31 1111 269
person 0.99 1097 161 1434 889
person 0.99 1131 54 1210 260
person 0.98 1170 181 1270 524
person 0.95 1210 74 1285 235
person 0.51 1316 91 1368 209
person 0.91 1383 199 1482 511
person 0.3 1389 240 1447 467
person 0.99 1418 186 1538 533
handbag 0.86 1502 413 1606 528
person 0.83 1518 107 1586 266
person 0.93 1547 219 1617 434
person 1.0 1576 189 1723 579
person 0.47 1603 122 1673 208
person 0.98 1689 210 1813 547
backpack 0.8 1772 273 1846 364
person 0.92 1864 207 1919 443
