person 0.97 -1 149 74 291
person 0.99 64 149 167 300
backpack 0.83 178 230 249 300
person 0.96 275 79 372 312
person 0.99 382 69 459 280
person 0.99 445 75 522 295
backpack 0.54 638 93 684 146
person 0.68 643 77 695 247
backpack 0.43 677 117 710 175
person 0.97 685 81 760 251
person 1.0 746 152 906 623
person 0.46 754 60 789 132
person 0.4 760 117 823 235
backpack 0.31 775 138 825 211
person 0.26 794 65 852 189
person 0.57 873 79 932 233
person 0.31 879 159 967 435
person 0.92 926 100 1007 377
backpack 0.31 943 126 1011 249
person 0.34 943 86 1010 229
person 0.81 997 111 1065 356
person 0.85 1050 97 1097 230
person 1.0 1132 192 1278 635
person 0.98 1157 91 1220 263
person 0.98 1223 85 1291 228
handbag 0.74 1295 338 1349 423
person 0.99 1323 188 1423 530
person 0.31 1385 89 1420 209
person 0.98 1405 200 1512 551
handbag 0.32 1407 510 1531 575
person 0.97 1517 196 1632 531
person 0.75 1551 74 1624 244
handbag 0.85 1571 399 1656 486
suitcase 0.3 1571 399 1656 486
handbag 0.26 1575 100 1616 175
person 0.99 1628 198 1753 557
person 0.98 1723 215 1840 540
backpack 0.36 1766 261 1855 353
backpack 0.89 1804 276 1855 366
