person 0.98 0 147 76 291
person 1.0 70 148 170 300
backpack 0.74 179 230 250 300
person 0.41 725 75 776 239
person 0.7 745 83 792 239
person 0.95 791 104 849 283
backpack 0.37 814 243 883 355
person 0.98 815 178 939 532
person 0.89 857 79 923 226
person 0.64 941 79 1010 230
person 0.98 947 144 1053 442
backpack 0.47 956 213 1036 325
person 0.64 1003 120 1065 244
person 1.0 1129 183 1281 642
person 0.98 1149 77 1204 251
person 0.94 1219 88 1289 227
handbag 0.36 1302 333 1351 425
person 0.99 1316 186 1425 526
person 0.98 1405 208 1510 547
person 0.99 1499 191 1617 536
person 0.97 1503 73 1574 247
person 0.99 1648 158 1771 608
handbag 0.41 1666 410 1753 524
person 1.0 1786 214 1914 553
