person 0.79 4 147 77 456
person 0.99 74 151 169 295
backpack 0.6 184 232 245 296
person 0.89 252 74 324 236
person 0.53 269 193 397 462
person 0.35 314 78 407 409
person 0.98 394 27 480 262
person 0.98 615 56 683 256
person 0.71 641 70 703 245
handbag 0.33 755 188 803 257
person 0.48 765 137 828 349
person 0.96 782 198 904 528
person 0.51 794 78 854 224
backpack 0.34 855 226 923 374
person 0.74 867 79 935 233
person 0.98 935 109 1010 382
backpack 0.32 945 128 1013 252
person 0.76 1003 96 1067 339
person 0.84 1044 95 1098 234
person 0.98 1114 66 1182 254
person 1.0 1131 187 1277 636
person 0.68 1166 83 1223 241
person 0.95 1226 89 1291 229
handbag 0.68 1303 323 1359 404
person 0.99 1318 182 1429 517
person 0.37 1374 87 1428 219
person 0.99 1407 180 1508 531
handbag 0.35 1410 512 1528 573
person 1.0 1496 203 1617 522
person 0.4 1587 214 1624 284
person 0.99 1640 180 1769 584
handbag 0.9 1711 399 1813 491
person 0.68 1753 225 1829 428
person 0.99 1840 213 1917 497
