person 0.99 0 168 111 488
person 0.99 75 152 169 291
person 0.35 182 170 252 363
person 0.94 192 145 291 400
person 1.0 269 166 423 545
person 0.9 389 125 485 418
person 0.98 554 94 620 282
person 1.0 575 175 688 484
person 0.95 742 68 811 250
handbag 0.35 747 105 796 163
person 0.99 786 206 888 516
person 0.84 798 82 870 240
person 0.93 865 72 927 246
person 0.78 921 80 987 272
person 0.89 979 133 1060 366
backpack 0.42 994 173 1053 245
person 0.5 1053 105 1115 327
person 0.9 1106 124 1175 340
person 0.55 1152 60 1219 253
person 0.98 1166 175 1283 537
person 0.74 1205 69 1277 238
handbag 0.27 1256 302 1294 369
person 0.48 1272 75 1332 290
person 0.35 1292 151 1358 329
person 0.26 1299 77 1361 237
person 0.99 1310 185 1436 588
person 0.46 1350 79 1413 223
handbag 0.81 1381 415 1461 530
person 0.93 1406 189 1483 517
person 0.38 1454 188 1512 407
person 1.0 1498 193 1605 531
handbag 0.73 1555 414 1613 526
person 1.0 1575 185 1717 570
person 0.99 1691 210 1825 550
person 0.67 1733 81 1790 234
person 0.93 1764 79 1832 241
backpack 0.77 1776 274 1850 360
person 0.35 1880 43 1922 272
