person 0.9 1 145 77 241
person 1.0 5 216 306 1102
person 0.99 73 151 168 288
backpack 0.53 185 231 250 300
person 0.98 343 179 446 436
person 0.79 363 74 428 230
person 0.74 458 168 517 371
person 0.99 476 187 578 419
person 0.98 538 48 609 247
person 0.99 636 44 708 253
person 0.5 714 74 772 242
person 0.97 739 72 805 253
backpack 0.26 744 107 798 168
person 1.0 799 75 870 297
person 0.87 895 91 960 260
person 0.99 942 97 1030 346
person 0.97 1035 80 1123 352
person 0.7 1116 81 1169 286
person 0.9 1154 69 1209 248
handbag 0.31 1177 101 1216 167
person 0.88 1203 112 1272 316
person 0.38 1215 61 1278 195
person 0.97 1280 75 1338 251
person 1.0 1436 67 1499 258
person 0.36 1873 47 1921 270
