person 0.83 1 210 85 499
person 0.29 5 186 68 301
person 0.38 5 160 61 228
person 0.51 63 192 164 449
person 0.42 77 148 153 281
person 0.79 129 174 224 463
person 0.99 163 99 417 875
person 0.76 267 66 361 192
person 0.6 336 149 409 261
person 0.99 402 185 649 801
person 0.95 413 69 480 234
person 0.95 475 27 573 292
handbag 0.98 509 319 651 493
handbag 0.64 518 68 563 143
handbag 0.29 665 107 708 167
person 0.96 666 44 738 250
handbag 0.36 752 102 802 172
person 0.92 752 69 818 254
person 0.96 809 66 880 301
person 0.85 889 69 956 254
person 0.86 929 118 1004 344
person 0.29 961 70 1028 188
person 0.99 1006 87 1088 336
person 0.3 1056 69 1099 146
person 0.36 1069 81 1121 237
person 0.86 1110 80 1178 294
person 0.58 1145 69 1200 250
person 0.98 1194 77 1264 246
person 1.0 1276 68 1342 254
person 0.93 1513 212 1660 570
person 0.98 1634 230 1851 611
backpack 0.7 1645 307 1745 421
person 0.87 1670 100 1756 257
handbag 0.26 1712 183 1752 232
person 0.79 1776 192 1888 402
person 0.71 1862 140 1911 352
