person 0.98 -1 148 77 293
person 0.99 66 149 166 300
backpack 0.72 181 230 250 300
person 0.96 685 106 752 306
person 1.0 722 172 829 490
person 0.94 792 194 912 514
backpack 0.74 805 263 903 378
person 0.87 808 98 864 224
person 0.88 865 82 924 236
person 0.33 898 78 957 236
person 0.98 905 167 985 440
person 0.62 938 79 1002 178
person 0.64 953 122 1015 363
backpack 0.61 970 169 1011 238
person 0.96 996 109 1056 330
person 1.0 1131 194 1279 633
person 0.98 1154 80 1220 250
person 0.97 1221 90 1290 225
handbag 0.56 1300 333 1350 425
person 0.99 1317 191 1428 529
person 0.45 1375 89 1429 225
person 0.96 1406 213 1514 540
suitcase 0.32 1406 493 1535 577
person 0.97 1498 191 1619 532
person 0.99 1507 74 1578 245
suitcase 0.58 1570 403 1653 520
handbag 0.81 1576 388 1652 506
person 0.97 1630 172 1756 555
person 0.51 1695 206 1810 552
backpack 0.86 1743 244 1842 369
person 0.46 1866 87 1920 278
