person 0.97 1 149 78 292
person 0.93 66 152 158 295
person 1.0 99 194 259 464
backpack 0.49 192 228 252 303
person 0.71 285 214 349 447
person 0.98 297 203 395 455
person 0.98 361 69 435 245
handbag 0.26 404 106 438 159
person 0.99 464 43 539 278
person 1.0 589 51 654 275
person 0.95 704 63 760 244
handbag 0.31 745 104 796 166
person 0.91 750 68 811 254
person 0.99 799 76 872 298
person 0.96 885 74 960 255
person 0.97 947 96 1036 344
person 0.94 1030 92 1123 351
person 0.37 1047 67 1118 183
person 0.86 1116 71 1177 294
person 0.65 1152 69 1203 248
person 0.79 1201 53 1294 372
handbag 0.3 1208 243 1267 357
person 0.4 1231 90 1330 385
person 0.7 1273 81 1340 239
person 1.0 1423 68 1486 250
person 0.27 1876 47 1923 270
