person 0.98 -1 150 77 295
person 0.51 -1 207 32 503
person 0.99 68 149 167 299
backpack 0.49 182 230 247 298
person 0.93 370 150 462 449
handbag 0.28 411 249 462 306
person 0.99 480 197 580 469
person 0.97 754 74 824 239
person 0.95 825 90 883 272
person 0.97 874 152 958 385
person 0.54 891 73 950 193
person 0.99 937 187 1038 526
person 0.96 947 80 1033 237
person 1.0 1034 149 1127 566
person 0.8 1043 92 1106 211
person 0.43 1091 180 1150 418
person 0.93 1142 82 1197 250
person 1.0 1197 181 1364 641
person 0.97 1206 78 1283 252
person 1.0 1279 139 1710 972
person 0.51 1327 196 1424 568
person 0.3 1503 71 1582 168
person 0.88 1620 205 1764 553
person 0.9 1730 206 1855 551
backpack 0.47 1811 279 1884 366
