person 0.97 0 151 77 293
person 0.99 65 150 167 297
backpack 0.9 182 233 251 298
person 0.92 247 175 348 440
person 0.97 315 171 417 440
person 0.48 331 50 391 203
person 0.76 383 60 454 261
person 0.6 474 126 549 355
person 0.67 515 56 582 199
person 0.98 555 179 667 433
person 0.26 578 139 660 244
person 0.81 595 50 673 209
person 0.95 677 59 748 255
person 0.83 751 56 812 259
handbag 0.29 751 105 803 167
person 0.83 812 87 880 287
person 0.65 855 73 910 296
person 0.72 897 70 954 249
person 0.59 961 71 1028 243
person 0.91 976 121 1054 341
person 0.66 1037 66 1107 198
person 0.85 1061 116 1133 351
person 0.87 1090 196 1197 449
person 0.5 1107 88 1165 225
backpack 0.28 1146 250 1202 329
person 0.93 1165 74 1229 241
backpack 0.32 1208 110 1246 161
person 0.96 1219 69 1287 246
person 0.96 1275 83 1328 241
person 0.98 1311 178 1383 416
person 0.48 1392 135 1469 234
person 0.96 1393 173 1473 407
person 0.97 1710 87 1770 243
person 0.99 1773 84 1859 243
person 0.5 1874 84 1922 275
