person 0.95 0 152 76 291
person 0.99 67 147 167 301
backpack 0.66 182 231 252 300
person 0.94 366 73 433 253
person 0.89 440 202 537 460
person 0.97 528 86 594 289
person 0.79 600 70 659 249
person 0.97 635 129 727 361
person 0.5 699 67 759 241
person 0.79 738 68 809 255
person 0.99 800 79 871 301
person 0.68 899 94 959 257
person 0.94 954 111 1025 333
person 0.32 963 62 1033 193
person 0.95 1030 93 1123 351
person 0.32 1039 62 1110 193
person 0.68 1111 82 1168 287
person 0.9 1159 70 1218 242
person 0.91 1210 69 1291 242
person 0.31 1266 70 1326 247
person 0.99 1271 105 1379 323
person 0.97 1648 85 1724 243
person 0.38 1874 53 1922 265
