person 0.99 0 153 78 293
person 0.98 67 147 163 299
handbag 0.26 137 236 222 368
person 0.99 147 176 279 471
person 0.99 302 92 378 344
handbag 0.3 360 417 425 461
person 0.34 369 73 421 236
person 0.98 381 144 477 462
person 0.97 475 96 561 397
person 0.55 484 50 552 156
handbag 0.9 549 353 710 543
person 1.0 553 148 812 840
person 0.92 586 80 663 239
person 0.92 700 63 764 246
person 0.9 758 72 828 254
person 0.99 822 195 962 524
person 0.72 830 90 909 265
backpack 0.42 885 249 958 364
person 0.86 899 80 979 234
person 0.99 981 128 1050 339
backpack 0.41 991 157 1046 225
person 0.26 1053 76 1123 181
person 0.99 1055 114 1124 355
person 0.88 1120 81 1178 297
person 0.59 1176 96 1233 274
person 0.81 1202 102 1261 268
person 0.26 1219 70 1282 183
person 1.0 1243 226 1518 715
person 0.97 1256 148 1331 369
backpack 0.31 1294 301 1385 458
person 0.86 1320 108 1382 252
person 0.3 1335 185 1421 301
person 0.96 1779 86 1846 239
person 0.84 1819 85 1881 242
person 0.68 1872 94 1919 264
