person 0.26 1 151 55 288
person 0.93 8 155 169 428
person 0.96 93 153 170 288
backpack 0.48 183 230 247 299
person 1.0 400 126 854 1042
person 0.85 412 83 484 280
person 0.98 752 79 819 240
backpack 0.48 811 116 841 183
person 0.93 821 90 884 273
backpack 0.27 822 115 862 188
person 0.55 864 72 918 254
person 0.95 892 142 972 389
backpack 0.43 898 187 964 257
person 0.79 946 76 1024 243
person 1.0 995 173 1111 529
person 0.36 1023 89 1055 175
person 0.98 1156 75 1213 256
person 0.99 1200 188 1346 630
person 0.99 1217 85 1286 238
handbag 0.44 1229 358 1323 463
person 1.0 1327 185 1419 532
handbag 0.47 1404 499 1538 574
person 1.0 1409 198 1509 556
person 0.99 1506 72 1574 258
person 1.0 1537 196 1636 527
handbag 0.61 1598 417 1688 524
person 0.98 1635 172 1762 578
person 0.99 1733 199 1867 555
backpack 0.78 1816 280 1888 360
