person 0.99 -1 148 77 294
person 0.99 70 150 169 297
person 0.96 184 188 303 482
person 1.0 288 196 398 520
person 0.97 757 73 825 241
person 0.94 821 97 884 273
backpack 0.41 827 114 879 186
person 0.56 848 89 913 275
person 0.42 859 64 900 122
person 0.84 861 149 935 381
handbag 0.28 901 236 956 367
person 0.41 909 77 969 188
person 1.0 919 159 1030 553
person 0.88 954 86 1025 229
person 0.59 992 84 1044 230
person 0.99 1037 167 1130 445
person 0.96 1066 85 1135 228
backpack 0.27 1099 230 1132 291
person 0.97 1149 136 1207 329
handbag 0.3 1178 368 1230 442
person 1.0 1191 212 1352 606
person 0.94 1223 87 1287 238
person 0.67 1318 138 1390 245
person 0.99 1327 184 1423 536
suitcase 0.34 1410 495 1533 576
person 0.98 1416 174 1529 553
person 0.99 1504 76 1576 248
person 0.98 1512 197 1636 532
handbag 0.77 1565 381 1654 516
suitcase 0.41 1565 381 1654 516
person 0.99 1633 180 1770 568
person 0.99 1743 197 1868 527
