person 0.98 -1 151 77 291
person 0.99 70 147 169 301
backpack 0.72 183 231 238 301
handbag 0.27 199 283 348 601
person 1.0 210 121 441 817
person 0.99 366 49 433 264
handbag 0.29 399 110 441 158
person 0.95 483 209 667 789
person 0.97 510 54 579 242
person 0.58 556 44 626 249
person 0.8 586 49 647 250
handbag 0.96 619 315 711 503
person 0.95 649 81 709 237
person 0.78 707 63 765 244
person 0.88 747 68 810 255
person 0.98 801 72 873 300
person 0.89 893 89 961 261
person 0.97 950 109 1028 332
backpack 0.26 973 153 1026 222
person 0.26 977 71 1025 146
person 0.97 1031 93 1124 344
person 0.38 1044 57 1113 153
person 0.8 1116 83 1182 285
handbag 0.31 1153 169 1197 245
person 0.99 1205 75 1277 251
person 0.99 1388 70 1454 248
person 0.34 1874 45 1923 271
