person 0.81 1 148 77 279
person 0.9 3 200 116 451
person 0.26 71 27 1253 358
person 0.99 72 151 165 293
person 0.95 192 127 266 345
person 0.99 247 172 390 555
person 0.68 347 144 431 346
person 0.33 360 74 429 184
person 0.94 405 210 541 488
handbag 0.49 477 282 555 375
person 0.82 486 57 577 307
handbag 0.4 497 319 559 375
person 0.39 545 44 604 221
person 0.98 602 44 681 261
person 0.58 662 53 715 246
person 0.97 690 53 749 248
person 0.95 748 72 809 252
person 0.95 804 80 882 292
person 0.77 871 69 931 256
person 0.31 899 76 955 244
person 0.39 951 75 1014 237
person 0.96 962 189 1047 479
person 0.38 982 121 1054 256
person 0.47 1016 64 1089 149
person 0.96 1049 115 1128 324
person 0.72 1107 90 1176 279
person 0.9 1168 63 1219 239
person 0.85 1215 67 1285 244
person 0.96 1262 74 1330 249
person 0.98 1497 201 1592 474
person 0.99 1637 189 1749 484
person 0.97 1705 89 1759 234
person 0.97 1747 116 1827 314
person 0.31 1796 89 1867 221
backpack 0.26 1805 100 1855 165
person 0.99 1844 228 1913 408
