person 0.87 2 149 64 286
person 0.99 12 183 157 517
person 0.93 87 154 167 281
backpack 0.72 166 227 257 304
person 0.93 396 176 471 380
person 0.98 458 33 523 265
person 1.0 534 120 603 356
person 0.98 597 55 655 247
person 0.94 748 67 803 239
person 0.94 778 124 852 351
person 0.96 809 176 952 538
person 0.73 811 66 866 193
backpack 0.64 856 248 940 361
person 0.61 866 74 928 233
person 0.61 896 72 957 239
person 0.92 930 114 1000 363
person 0.38 942 82 997 238
backpack 0.35 946 168 997 243
person 0.93 993 103 1057 341
person 0.94 1123 97 1185 263
person 1.0 1146 204 1330 623
person 0.88 1147 82 1211 270
person 0.95 1223 85 1285 217
person 1.0 1318 184 1420 519
person 0.38 1376 92 1430 217
handbag 0.27 1411 512 1529 575
person 1.0 1422 224 1545 531
person 0.34 1517 245 1574 519
person 0.89 1525 194 1619 524
person 0.99 1646 160 1766 612
handbag 0.52 1685 418 1762 511
handbag 0.77 1716 292 1799 427
person 1.0 1769 203 1901 557
backpack 0.59 1854 272 1915 376
