person 0.53 2 190 66 455
person 0.99 22 180 139 458
backpack 0.71 91 214 162 308
person 0.78 92 154 166 281
backpack 0.37 166 226 258 304
person 0.99 540 163 610 416
person 0.72 756 83 830 237
person 0.98 796 198 901 523
person 0.65 809 81 877 243
backpack 0.56 839 248 906 355
person 0.92 861 74 930 246
person 0.34 898 73 952 249
person 0.99 925 113 1001 379
person 0.48 940 79 1009 238
backpack 0.31 941 124 1008 251
person 0.98 1001 90 1085 346
person 0.96 1063 58 1129 254
person 0.69 1110 57 1166 253
person 0.98 1121 107 1194 321
person 1.0 1144 209 1331 614
person 0.98 1201 47 1270 246
person 0.33 1249 86 1301 228
person 0.97 1308 88 1358 243
person 0.99 1321 181 1417 524
person 1.0 1424 214 1539 547
person 1.0 1524 191 1625 532
backpack 0.43 1609 404 1691 497
handbag 0.45 1610 412 1692 506
person 0.98 1640 180 1766 570
person 0.99 1765 197 1896 561
