person 0.93 11 173 106 491
person 0.67 79 152 160 265
handbag 0.29 90 371 144 447
person 0.91 103 196 233 498
backpack 0.59 133 237 217 363
person 0.94 162 183 264 472
person 0.97 543 65 618 243
person 0.68 584 54 647 243
handbag 0.63 653 108 694 159
person 0.96 656 74 725 239
person 0.93 711 54 781 245
person 0.85 753 58 822 245
person 0.72 792 71 858 234
person 0.98 835 170 921 487
person 0.74 856 73 919 193
person 1.0 878 164 1016 590
person 0.75 914 81 967 222
person 0.93 952 83 1026 234
handbag 0.53 1099 322 1160 379
person 0.99 1099 187 1185 470
person 1.0 1180 192 1328 633
person 0.84 1191 167 1256 274
person 0.76 1257 91 1331 214
person 1.0 1322 183 1424 535
person 0.97 1406 221 1515 532
person 0.45 1504 227 1560 480
person 0.91 1505 70 1574 237
person 0.99 1526 207 1639 514
handbag 0.28 1565 276 1648 369
handbag 0.91 1627 415 1742 516
person 0.92 1642 189 1773 566
handbag 0.44 1703 302 1783 421
person 0.99 1733 212 1864 547
backpack 0.81 1818 280 1887 352
