person 0.97 -1 149 75 291
person 0.99 68 147 168 301
backpack 0.67 180 229 249 300
person 0.97 540 64 607 259
handbag 0.27 581 148 610 185
person 0.84 599 55 654 266
person 0.91 643 77 709 286
person 0.28 665 71 723 194
person 1.0 673 170 781 528
person 0.7 682 71 743 231
backpack 0.54 809 116 839 185
person 0.99 816 187 922 528
person 0.91 818 97 875 254
backpack 0.78 852 255 932 358
person 0.96 869 77 935 249
person 0.99 922 121 1005 365
person 0.46 943 77 1006 181
person 0.98 996 113 1058 351
person 0.95 1050 81 1097 238
person 0.59 1106 215 1184 422
handbag 0.32 1107 260 1157 324
person 1.0 1149 201 1303 605
person 0.95 1155 88 1209 231
person 0.71 1219 92 1287 213
handbag 0.29 1297 334 1347 422
person 0.99 1319 192 1424 528
person 0.32 1363 95 1422 225
person 0.99 1407 213 1512 542
suitcase 0.26 1408 493 1532 575
person 1.0 1502 198 1617 528
person 0.98 1504 74 1573 245
handbag 0.77 1572 408 1650 521
suitcase 0.35 1572 408 1650 521
person 1.0 1615 179 1751 582
handbag 0.29 1697 343 1781 434
person 0.99 1801 195 1911 558
