person 0.98 1 148 73 291
person 0.98 65 150 165 295
backpack 0.78 180 230 249 300
person 0.85 751 81 817 279
person 0.44 784 109 864 263
person 0.99 790 201 892 522
person 0.97 862 67 918 249
person 0.99 912 116 999 373
person 0.65 948 79 1011 181
person 0.96 997 96 1067 345
person 0.99 1067 74 1133 241
person 0.85 1129 180 1213 424
person 1.0 1145 198 1326 628
person 0.95 1225 81 1291 218
person 1.0 1319 185 1426 518
person 0.38 1320 82 1391 232
person 0.62 1340 112 1417 251
person 0.78 1401 116 1467 257
person 1.0 1416 209 1543 544
person 0.9 1467 119 1549 239
person 0.99 1524 196 1625 524
handbag 0.89 1584 407 1664 524
person 1.0 1627 182 1756 580
person 1.0 1766 198 1905 561
backpack 0.7 1849 272 1913 371
