person 0.88 1 231 87 583
person 0.9 4 150 75 279
handbag 0.3 37 315 87 383
person 0.87 75 188 181 514
person 0.69 76 152 158 235
backpack 0.73 136 237 217 359
person 0.92 161 185 255 464
person 0.99 582 206 717 488
handbag 0.28 590 272 671 386
handbag 0.51 590 316 643 386
backpack 0.75 716 97 762 167
person 0.98 734 72 803 242
backpack 0.4 803 112 839 185
person 0.91 816 89 876 262
person 0.28 840 63 869 122
person 0.88 844 180 925 540
person 0.74 869 77 926 245
person 0.97 873 176 1018 581
person 0.72 893 83 948 241
person 0.29 930 169 1034 485
person 0.81 952 83 1021 227
person 0.6 981 161 1073 446
person 0.65 1075 71 1131 245
person 0.95 1120 81 1174 270
person 0.52 1142 87 1194 275
person 1.0 1169 198 1331 619
person 0.95 1225 84 1285 232
person 0.99 1323 178 1427 537
person 0.37 1362 89 1419 226
person 0.97 1408 183 1512 536
person 0.98 1501 74 1576 241
person 0.99 1517 180 1625 544
handbag 0.95 1620 408 1734 517
person 0.87 1636 187 1761 570
person 0.99 1733 206 1873 549
backpack 0.7 1813 279 1891 362
handbag 0.27 1813 279 1891 362
