person 0.95 -1 196 89 512
person 0.9 2 150 76 288
person 0.99 75 147 168 298
handbag 0.92 171 371 248 474
person 0.99 188 179 339 540
person 0.91 243 126 332 249
person 0.84 284 76 362 235
person 0.41 350 93 447 339
handbag 0.31 387 258 458 403
handbag 0.32 391 324 445 401
person 0.98 424 165 528 537
handbag 0.71 489 399 541 472
person 0.98 577 56 644 323
suitcase 0.68 599 394 671 482
handbag 0.39 599 394 671 482
person 1.0 658 169 769 491
person 0.73 663 62 732 232
person 0.96 757 63 826 252
person 0.58 812 65 862 251
person 0.99 823 188 961 522
person 0.7 846 86 904 271
backpack 0.74 880 247 961 362
person 0.71 905 75 966 241
person 0.91 955 51 1019 249
person 0.96 981 126 1059 341
person 0.27 1052 76 1112 180
person 0.94 1053 87 1139 342
backpack 0.25 1076 145 1127 215
person 0.66 1118 87 1179 292
handbag 0.25 1153 147 1191 210
person 0.71 1167 70 1223 249
person 0.97 1172 178 1282 534
person 0.66 1216 75 1272 232
person 0.58 1241 80 1296 227
handbag 0.43 1260 302 1293 367
person 0.99 1313 189 1448 516
handbag 0.32 1454 332 1492 391
person 1.0 1463 188 1576 532
person 0.99 1603 199 1714 552
backpack 0.65 1688 268 1758 366
person 0.93 1778 83 1841 242
person 0.85 1819 86 1885 243
person 0.53 1877 88 1921 268
