person 0.97 0 147 75 290
person 0.99 68 149 168 298
backpack 0.73 179 230 249 299
person 0.99 649 79 706 243
person 0.95 701 71 769 239
person 0.99 749 173 840 489
person 0.82 765 75 817 232
person 0.26 805 70 844 142
person 0.59 816 116 878 246
person 0.99 818 181 919 534
backpack 0.82 839 256 922 358
person 0.97 869 79 933 243
person 0.98 931 211 1037 435
person 0.85 940 81 1009 239
person 0.66 996 105 1102 378
person 0.95 1030 209 1107 424
person 1.0 1128 182 1279 639
person 0.95 1153 73 1212 252
person 0.9 1220 89 1288 222
handbag 0.32 1301 333 1349 424
backpack 0.28 1301 333 1349 424
person 0.99 1314 187 1432 525
person 0.97 1405 211 1513 545
handbag 0.28 1409 493 1534 575
suitcase 0.27 1409 493 1534 575
person 0.99 1506 73 1573 248
person 0.99 1510 194 1642 530
handbag 0.81 1570 388 1668 499
suitcase 0.65 1573 388 1657 503
person 0.99 1620 183 1764 576
person 0.99 1760 188 1895 570
backpack 0.79 1845 270 1915 370
