person 0.93 3 152 69 288
person 0.89 60 160 163 389
person 0.64 97 153 168 277
backpack 0.29 187 230 250 298
person 0.99 267 141 351 406
person 0.64 366 72 423 233
person 0.27 381 65 445 195
person 0.98 392 175 487 440
person 0.99 557 85 621 302
person 0.97 666 54 737 257
handbag 0.35 671 110 723 164
person 0.78 702 51 765 255
person 0.95 743 65 809 256
person 0.98 802 71 879 304
person 0.73 892 89 959 260
person 0.98 956 96 1047 341
backpack 0.44 959 138 1034 228
person 0.29 960 63 1038 192
person 0.96 1033 91 1127 345
backpack 0.34 1043 127 1113 248
person 0.78 1112 72 1168 288
person 0.96 1152 71 1215 247
backpack 0.26 1187 102 1217 166
person 0.99 1209 63 1288 249
person 0.93 1277 74 1335 252
person 0.99 1461 211 1595 482
person 0.99 1491 74 1563 248
person 0.99 1635 219 1753 417
backpack 0.43 1665 248 1705 313
