backpack 0.59 -3 391 138 718
handbag 0.49 -3 391 138 718
person 0.85 2 153 75 266
person 0.93 3 212 87 495
person 1.0 20 220 469 1060
person 0.89 74 146 163 282
person 0.47 176 152 295 390
person 0.97 408 56 475 259
person 0.85 448 56 513 270
person 0.95 497 64 554 257
person 1.0 498 165 676 655
person 0.99 647 100 717 343
person 0.45 661 55 721 156
person 0.98 714 38 784 252
person 0.99 725 166 954 615
person 0.68 820 90 880 221
person 0.46 860 78 911 241
person 0.99 896 149 1034 577
person 0.82 897 71 969 237
backpack 0.63 940 120 986 177
person 0.85 1155 71 1233 255
person 1.0 1173 194 1331 629
person 0.48 1186 97 1263 264
person 0.73 1264 67 1322 206
person 0.73 1319 119 1392 241
person 0.99 1327 181 1418 534
person 0.99 1399 195 1495 527
person 0.98 1468 108 1925 1105
person 0.85 1474 77 1533 222
person 0.7 1480 211 1536 448
person 1.0 1539 197 1643 532
handbag 0.6 1593 399 1672 493
person 1.0 1625 177 1761 549
person 0.5 1738 200 1831 516
