person 0.98 2 148 73 292
person 0.96 68 149 154 299
person 1.0 121 140 260 385
handbag 0.45 179 188 258 284
person 0.97 261 142 359 376
person 0.99 337 144 433 379
backpack 0.54 370 186 430 255
person 1.0 595 53 657 242
person 0.39 727 72 783 239
person 0.41 754 95 812 274
backpack 0.31 771 130 819 205
person 0.93 782 198 906 528
person 0.35 789 93 850 223
backpack 0.59 828 246 911 354
person 0.94 872 81 932 224
person 0.51 875 169 985 420
person 0.35 936 78 1023 353
person 0.56 940 81 1007 234
person 0.95 977 93 1072 346
person 1.0 1136 202 1273 627
person 0.97 1153 76 1221 252
person 0.96 1223 92 1289 228
person 0.99 1229 166 1416 727
person 0.54 1371 93 1429 215
handbag 0.48 1410 509 1528 575
person 0.99 1416 178 1525 546
person 0.98 1506 71 1567 249
person 0.99 1513 180 1630 550
person 0.99 1646 168 1755 591
handbag 0.74 1692 385 1789 504
person 0.99 1784 219 1912 542
