person 0.98 -2 148 78 293
person 1.0 66 148 168 300
backpack 0.85 178 230 251 300
person 0.99 663 174 772 473
person 0.81 696 89 769 225
backpack 0.48 775 130 810 203
person 0.5 789 192 907 520
person 0.76 796 108 862 256
backpack 0.78 825 265 909 374
person 0.88 858 88 914 238
person 0.25 899 82 961 233
person 0.96 902 154 982 444
person 0.41 940 75 999 182
person 0.64 948 111 1007 376
backpack 0.28 978 171 1012 237
person 0.96 994 108 1059 330
person 1.0 1132 199 1279 630
person 0.98 1152 80 1222 251
person 0.97 1221 91 1290 229
handbag 0.59 1301 334 1352 424
person 0.99 1317 189 1430 526
person 0.32 1373 84 1426 226
person 0.97 1404 187 1514 534
handbag 0.31 1411 510 1528 575
person 0.99 1505 75 1576 246
person 0.98 1512 198 1636 531
handbag 0.64 1574 389 1665 494
suitcase 0.66 1578 391 1653 499
person 0.96 1629 203 1761 549
person 0.71 1684 209 1811 550
backpack 0.83 1742 246 1840 368
person 0.62 1866 83 1920 280
