person 0.95 5 142 128 407
person 0.76 83 154 166 281
person 0.98 108 150 345 900
person 0.9 369 58 427 259
person 0.32 403 100 456 270
person 0.63 422 124 526 365
person 0.75 469 122 565 370
person 0.44 478 79 547 245
handbag 0.47 521 186 558 255
person 0.99 611 99 685 343
person 0.97 739 68 804 251
handbag 0.54 749 104 803 166
person 0.97 787 205 895 517
person 0.91 798 82 863 243
backpack 0.33 807 252 889 354
person 0.92 863 78 917 249
person 0.97 908 77 994 352
person 0.98 991 96 1060 347
person 0.32 1073 70 1121 241
person 0.98 1099 64 1162 250
person 0.95 1162 74 1225 241
person 0.99 1167 174 1287 535
person 0.69 1218 86 1281 226
backpack 0.45 1252 89 1288 156
handbag 0.27 1257 293 1292 377
person 0.67 1308 88 1362 240
handbag 0.72 1364 334 1401 389
person 1.0 1373 208 1490 543
handbag 0.33 1375 245 1409 307
handbag 0.88 1499 410 1612 514
person 0.91 1502 199 1604 447
person 0.82 1565 80 1624 213
person 1.0 1570 180 1728 580
person 0.93 1643 67 1713 203
person 0.94 1691 207 1815 548
backpack 0.86 1766 271 1844 365
person 0.61 1861 169 1917 430
