person 0.78 3 153 72 284
person 0.99 38 186 178 453
person 0.83 78 152 169 271
handbag 0.35 107 226 155 308
person 0.99 142 158 275 457
backpack 0.26 193 207 274 297
backpack 0.72 225 224 268 303
person 1.0 564 141 637 382
cell_phone 0.41 596 157 608 168
person 0.71 756 78 828 243
person 0.96 793 195 899 523
backpack 0.59 808 249 884 357
person 0.59 809 97 877 257
person 0.83 861 85 923 242
person 0.99 914 107 999 373
backpack 0.3 926 170 977 239
handbag 0.26 926 170 977 239
person 0.74 940 78 1003 180
person 0.98 989 97 1078 345
person 0.35 1003 65 1072 183
person 0.26 1005 72 1051 143
person 0.99 1066 45 1132 261
person 0.96 1131 105 1205 316
person 1.0 1144 212 1331 612
person 0.36 1161 53 1232 152
person 0.32 1164 62 1227 248
person 0.94 1220 83 1278 224
person 0.96 1308 87 1361 243
person 1.0 1320 177 1423 527
handbag 0.38 1412 510 1531 574
person 1.0 1423 214 1539 542
person 1.0 1523 194 1626 529
handbag 0.78 1606 405 1678 517
person 0.99 1639 187 1767 568
person 0.33 1723 187 1786 301
person 0.99 1765 188 1895 570
backpack 0.49 1850 272 1912 372
