person 0.95 0 152 78 291
person 0.98 73 147 169 301
backpack 0.88 183 231 251 300
person 0.99 328 206 417 491
person 0.73 368 79 432 234
person 0.98 488 132 558 368
person 0.47 506 46 574 207
person 0.86 581 121 649 366
person 0.38 612 58 669 198
person 0.99 630 182 726 431
person 0.79 657 55 731 241
person 0.57 716 47 772 249
handbag 0.48 737 105 794 168
person 0.85 740 55 804 257
person 0.97 801 67 875 298
person 0.93 899 94 965 260
person 0.93 956 101 1049 345
backpack 0.31 962 139 1036 231
person 0.27 966 66 1038 148
person 0.97 1035 89 1132 348
person 0.41 1040 63 1116 150
backpack 0.35 1045 86 1095 149
backpack 0.46 1055 152 1110 230
person 0.7 1109 78 1170 292
person 0.93 1155 69 1220 247
backpack 0.3 1181 92 1222 151
person 0.95 1212 65 1291 250
person 0.89 1278 73 1337 251
person 0.96 1421 91 1475 242
person 0.97 1716 85 1795 245
person 0.94 1737 198 1875 440
handbag 0.71 1750 223 1839 315
