person 0.87 2 148 79 286
person 0.69 2 195 131 468
person 0.6 72 186 199 410
person 0.73 76 152 160 284
suitcase 0.61 115 374 210 454
person 0.91 224 107 293 335
person 0.99 311 185 440 520
person 0.87 380 110 474 365
handbag 0.29 400 366 451 423
person 0.62 462 141 537 352
person 0.73 510 47 577 217
person 0.99 514 201 626 464
person 0.66 553 43 610 226
person 0.95 608 49 677 251
person 0.79 638 54 703 250
person 0.98 691 50 754 252
person 0.94 748 67 819 253
person 0.88 814 82 886 285
person 0.76 868 63 929 260
person 0.66 946 75 1016 242
person 0.97 972 187 1072 464
person 0.36 988 125 1059 302
person 0.56 1013 65 1087 151
person 0.96 1052 116 1132 319
person 0.8 1109 87 1177 282
person 0.77 1174 62 1223 242
person 0.89 1207 61 1281 252
backpack 0.28 1228 100 1272 172
person 0.9 1250 72 1307 248
person 0.99 1481 202 1586 466
person 0.99 1599 187 1711 471
person 0.99 1685 90 1760 279
person 0.97 1769 228 1844 404
backpack 0.32 1770 259 1808 321
person 0.99 1771 87 1860 237
person 0.52 1872 67 1920 252
