person 0.97 0 149 77 291
person 0.99 71 148 167 299
backpack 0.87 181 231 248 299
person 0.84 331 127 394 310
person 0.93 362 165 457 505
person 0.99 445 188 587 515
person 0.96 462 94 523 217
backpack 0.57 507 232 571 359
person 0.97 514 124 585 313
person 0.99 693 58 752 243
person 0.92 750 79 822 277
person 0.98 792 211 897 513
backpack 0.39 802 251 889 356
person 0.65 811 83 870 239
person 0.95 867 77 927 248
person 0.36 906 73 963 244
person 0.99 930 123 1006 370
person 0.46 947 70 1009 188
backpack 0.52 974 168 1013 241
person 0.39 981 57 1023 128
person 0.74 1006 109 1082 334
person 0.66 1055 79 1111 231
person 1.0 1144 209 1321 614
handbag 0.72 1155 147 1201 213
person 0.85 1163 91 1237 267
person 0.28 1203 75 1259 247
person 0.6 1254 73 1321 228
person 1.0 1304 194 1409 519
person 0.89 1399 213 1462 427
handbag 0.27 1413 511 1529 575
person 1.0 1426 214 1541 543
person 0.99 1539 195 1646 531
handbag 0.7 1577 396 1646 497
person 0.47 1606 188 1663 304
person 0.97 1615 181 1771 575
person 0.92 1723 103 1800 254
person 0.99 1762 199 1902 564
backpack 0.66 1852 273 1915 367
