person 0.97 1 151 76 292
person 0.99 68 148 166 299
backpack 0.95 182 231 250 300
person 0.97 281 159 384 453
person 0.84 283 99 366 225
person 0.98 480 56 548 270
person 0.96 544 64 618 283
person 0.9 738 72 802 242
person 0.98 792 201 896 522
person 0.72 793 82 866 239
backpack 0.74 804 250 892 352
person 0.98 862 74 925 246
person 0.99 925 129 1009 366
person 0.64 925 72 984 184
backpack 0.58 938 171 998 239
person 0.93 1009 93 1100 342
person 0.8 1047 93 1113 277
person 1.0 1113 156 1262 611
person 0.95 1135 72 1207 247
person 0.67 1207 86 1271 215
person 0.84 1242 174 1335 435
person 0.33 1247 90 1316 218
person 0.99 1289 173 1386 439
person 0.71 1291 77 1369 223
person 0.98 1377 187 1474 529
backpack 0.31 1410 493 1533 575
person 1.0 1417 204 1544 551
person 0.85 1469 128 1538 238
person 1.0 1532 200 1645 522
person 0.82 1540 112 1614 257
handbag 0.93 1578 401 1671 519
person 1.0 1626 191 1773 582
person 0.96 1850 214 1924 562
backpack 0.27 1859 259 1916 391
