person 0.63 -1 178 46 526
person 0.87 17 190 126 510
person 0.73 64 183 190 514
person 0.26 75 152 148 235
person 0.99 108 179 252 519
backpack 0.52 192 231 246 298
person 1.0 247 177 346 458
person 0.99 350 172 446 446
person 0.53 376 113 455 253
person 0.58 438 87 514 180
person 1.0 448 132 534 394
person 0.94 578 46 652 226
person 0.98 582 207 686 442
handbag 0.87 648 341 688 413
umbrella 0.39 648 341 688 413
person 0.94 652 79 702 235
person 0.98 698 56 768 245
handbag 0.42 748 99 804 166
backpack 0.27 748 99 804 166
person 0.56 750 65 816 254
person 0.97 803 75 879 291
person 0.87 892 76 965 248
person 0.43 960 65 1036 150
person 0.95 960 105 1046 339
person 0.83 1037 67 1107 253
person 0.88 1051 113 1151 360
person 0.6 1109 76 1171 246
person 0.36 1157 71 1195 143
person 0.88 1173 76 1229 250
person 0.93 1219 61 1278 249
person 0.99 1360 226 1537 534
person 0.89 1361 70 1418 243
person 0.99 1498 187 1649 526
person 0.92 1780 85 1843 237
person 0.89 1819 115 1900 290
backpack 0.29 1861 136 1903 191
person 0.53 1866 105 1915 269
