person 0.98 1 175 151 539
person 0.95 79 150 167 287
person 0.25 110 38 1394 354
backpack 0.61 184 229 248 302
person 0.87 260 91 362 345
person 0.93 348 122 439 367
person 0.36 413 64 471 187
person 0.98 426 148 524 377
person 0.59 505 72 567 248
person 0.69 562 72 635 235
person 0.92 596 145 694 384
person 0.73 641 58 703 205
person 0.45 695 73 745 233
handbag 0.39 752 104 807 167
person 0.75 754 64 821 257
person 0.87 813 78 884 292
person 0.51 868 70 925 295
person 0.72 891 71 956 244
person 0.44 961 73 1034 243
person 0.91 977 122 1054 341
backpack 0.4 999 155 1052 223
person 0.39 1041 67 1106 250
person 0.93 1048 82 1141 352
person 0.33 1107 98 1164 273
person 0.51 1153 189 1247 450
person 0.93 1160 72 1222 239
handbag 0.39 1189 232 1254 321
person 0.69 1223 67 1281 193
person 0.97 1247 131 1321 336
person 0.38 1274 87 1319 161
person 0.99 1315 122 1392 342
person 0.98 1704 85 1764 237
person 0.97 1735 204 1820 413
handbag 0.77 1736 247 1773 306
person 0.96 1768 89 1858 237
person 0.6 1877 85 1923 279
