person 0.93 5 152 68 290
person 0.99 68 153 164 401
person 0.99 174 157 275 423
person 0.98 273 177 368 438
person 1.0 561 62 617 239
person 0.6 760 107 820 261
backpack 0.34 775 138 829 211
person 0.85 783 183 911 539
person 0.64 810 86 868 230
backpack 0.34 827 241 917 365
person 0.94 865 84 930 230
person 0.74 894 118 993 411
person 0.42 940 84 1008 230
person 0.91 993 108 1066 329
backpack 0.35 1019 142 1066 211
person 0.4 1127 70 1180 254
person 1.0 1130 199 1283 633
person 0.96 1152 81 1215 249
person 0.96 1219 92 1285 227
handbag 0.79 1297 338 1352 423
person 0.99 1315 195 1431 526
person 0.61 1386 86 1422 210
handbag 0.42 1407 472 1482 574
person 0.42 1412 200 1509 351
person 1.0 1420 179 1653 795
person 0.42 1422 317 1593 673
person 0.96 1507 73 1570 225
handbag 0.68 1597 420 1695 515
person 0.98 1612 173 1761 592
person 0.99 1738 206 1884 552
backpack 0.33 1819 273 1896 364
backpack 0.71 1859 277 1913 365
