person 0.97 -1 149 76 291
person 0.99 72 149 172 298
backpack 0.8 179 231 249 299
person 0.99 740 206 817 436
person 0.43 769 90 822 229
backpack 0.36 775 122 804 205
person 0.81 796 106 846 248
person 0.98 828 180 937 532
backpack 0.84 835 247 916 362
person 0.9 854 84 915 222
person 0.97 932 167 1018 434
person 0.52 937 127 1008 307
person 0.63 939 82 1006 230
person 0.96 998 113 1061 323
person 1.0 1130 187 1279 637
person 0.97 1149 73 1207 254
person 0.93 1220 85 1289 228
handbag 0.55 1301 333 1349 424
person 0.99 1315 185 1428 528
person 0.97 1401 219 1515 535
handbag 0.27 1406 499 1536 574
person 1.0 1497 195 1618 532
person 0.97 1504 73 1574 246
handbag 0.94 1618 413 1728 518
person 0.99 1635 177 1776 592
handbag 0.3 1721 297 1795 423
person 0.99 1795 213 1918 549
