person 0.8 3 148 57 294
person 0.97 47 173 170 413
person 0.73 97 153 171 280
backpack 0.27 127 220 162 282
backpack 0.5 182 230 247 301
person 0.99 373 47 443 259
cell_phone 0.34 391 60 400 68
person 0.71 516 115 579 317
person 0.49 538 52 613 153
person 0.89 577 148 672 449
handbag 0.39 589 217 663 383
person 0.32 589 217 663 383
person 0.45 594 131 669 299
handbag 0.32 633 261 667 318
person 0.99 754 75 816 235
backpack 0.47 820 116 863 189
person 0.99 821 90 883 276
person 0.6 850 85 908 268
person 1.0 873 167 989 547
person 0.7 875 74 926 249
person 0.25 887 79 947 186
person 0.97 946 79 1026 239
person 0.99 983 189 1088 516
person 0.82 1008 119 1083 248
person 0.98 1155 80 1211 251
person 0.99 1176 198 1334 618
person 0.97 1221 89 1289 235
person 1.0 1326 182 1423 535
person 0.42 1365 139 1404 219
person 0.97 1404 214 1517 542
handbag 0.43 1410 512 1530 575
person 0.98 1499 205 1620 518
person 0.99 1504 75 1575 246
suitcase 0.45 1563 406 1662 518
handbag 0.87 1565 392 1676 508
person 0.99 1628 198 1760 562
person 0.97 1738 204 1854 549
backpack 0.93 1817 275 1893 362
