person 0.96 2 150 73 290
person 0.3 49 150 120 295
person 0.58 75 151 155 283
person 0.5 81 224 153 433
person 0.87 107 195 240 464
backpack 0.72 184 230 257 329
person 1.0 355 105 436 338
handbag 0.44 400 140 436 213
person 0.97 438 92 530 356
person 0.99 647 70 718 252
person 0.89 760 83 826 271
person 0.92 789 186 897 529
backpack 0.68 807 251 894 357
person 0.56 808 98 876 261
person 0.86 867 76 931 243
person 0.97 922 118 1002 376
person 0.43 944 75 1003 180
backpack 0.25 976 106 1012 167
person 0.98 999 90 1075 352
person 0.33 1007 59 1077 195
person 0.99 1109 71 1172 259
person 1.0 1144 212 1329 618
person 0.96 1228 81 1288 229
person 0.59 1286 91 1327 203
person 0.63 1308 120 1377 249
person 0.99 1310 181 1410 521
person 0.56 1336 123 1408 244
person 1.0 1401 178 1504 540
handbag 0.38 1412 509 1531 575
person 0.89 1414 121 1479 229
person 0.99 1532 203 1642 521
handbag 0.88 1582 403 1667 519
person 0.99 1631 164 1760 564
person 0.42 1713 177 1758 237
person 0.97 1759 197 1896 527
backpack 0.5 1849 275 1915 371
