person 0.99 0 149 76 296
person 0.93 69 150 150 296
person 0.94 115 148 232 346
person 1.0 121 171 515 1006
person 0.96 441 89 508 299
person 0.83 497 158 568 367
person 0.99 560 171 664 435
handbag 0.26 581 249 657 396
handbag 0.32 597 215 663 318
person 0.96 753 76 818 239
backpack 0.36 811 114 841 184
person 0.87 823 92 883 268
person 0.68 861 74 918 249
person 0.98 893 145 971 394
backpack 0.36 900 189 958 256
person 0.89 944 78 1024 233
person 1.0 977 184 1097 519
person 0.34 1034 149 1109 270
person 0.97 1157 74 1212 255
person 1.0 1179 197 1336 616
person 0.94 1220 89 1289 237
person 0.99 1327 186 1421 532
person 1.0 1409 197 1508 555
person 0.99 1506 71 1576 260
person 1.0 1537 196 1638 554
person 0.99 1645 170 1755 590
handbag 0.71 1662 420 1744 506
handbag 0.52 1708 296 1787 424
person 0.99 1739 209 1866 549
backpack 0.91 1820 280 1890 358
