person 0.84 2 149 77 286
person 0.98 3 206 79 513
person 0.79 73 148 157 277
handbag 0.35 94 378 138 453
person 0.79 108 202 211 501
backpack 0.86 117 239 206 359
person 0.97 180 172 277 470
backpack 0.32 236 222 297 326
person 0.93 467 60 529 250
person 0.93 504 48 582 256
handbag 0.47 625 109 666 159
person 0.94 636 67 703 244
person 0.93 693 65 753 235
backpack 0.31 748 98 787 172
person 0.91 748 78 801 229
person 1.0 761 175 883 476
person 0.77 807 85 877 227
backpack 0.48 820 114 863 185
person 0.79 869 78 919 238
person 1.0 881 170 1015 581
person 0.85 899 81 952 228
person 0.96 948 80 1028 240
handbag 0.35 1000 112 1038 184
handbag 0.27 1012 144 1037 182
person 1.0 1171 191 1336 634
person 0.74 1224 93 1285 205
person 0.66 1302 110 1370 269
person 0.99 1324 168 1423 544
person 0.99 1409 205 1511 550
person 0.99 1502 73 1576 254
person 1.0 1518 206 1639 546
handbag 0.94 1626 410 1726 529
person 0.97 1635 180 1757 590
handbag 0.34 1708 296 1782 428
person 1.0 1736 214 1873 551
backpack 0.91 1820 279 1894 360
