person 0.93 0 157 75 305
person 0.99 72 149 168 301
backpack 0.8 184 233 247 297
person 0.99 222 194 318 524
person 0.97 369 91 433 258
person 0.27 431 36 1274 273
person 0.74 447 52 516 211
person 0.97 451 179 521 420
person 0.73 502 51 571 214
person 0.98 562 174 636 420
person 0.29 562 102 633 222
person 0.8 635 69 710 260
person 0.97 672 177 760 433
person 0.84 713 55 785 255
person 0.88 757 61 815 261
person 0.44 791 75 855 254
person 0.86 797 71 889 312
person 0.35 850 69 903 309
person 0.93 891 86 964 265
backpack 0.4 901 116 956 183
person 0.96 954 96 1049 343
backpack 0.4 998 141 1068 239
person 0.97 1047 116 1126 346
person 0.63 1110 84 1170 283
person 0.93 1159 69 1218 247
person 0.92 1210 67 1290 247
person 0.87 1273 72 1335 253
person 0.96 1537 96 1613 254
person 0.99 1769 82 1843 244
person 0.4 1885 67 1924 295
