person 0.89 -1 202 77 449
person 0.81 -1 150 77 288
person 0.99 71 149 168 295
backpack 0.62 181 230 248 299
person 1.0 457 53 523 257
person 0.99 524 186 610 473
backpack 0.39 542 120 592 172
person 0.71 549 82 616 238
person 0.77 607 52 676 216
handbag 0.44 621 156 655 230
person 0.97 641 121 718 302
backpack 0.39 759 133 797 216
backpack 0.46 761 92 834 227
person 0.41 766 108 834 257
person 0.91 785 193 903 530
backpack 0.67 831 239 913 362
person 0.71 866 81 928 228
person 0.54 872 164 968 427
person 0.62 908 72 964 240
person 0.81 938 98 999 381
person 0.35 942 81 1001 238
person 0.84 1002 106 1061 362
person 1.0 1130 203 1280 622
person 0.96 1157 77 1228 251
person 0.94 1220 86 1289 224
handbag 0.69 1293 335 1352 423
person 0.98 1317 183 1427 528
person 0.51 1376 90 1429 220
person 0.99 1407 185 1513 534
handbag 0.42 1410 510 1528 574
person 0.99 1512 179 1631 546
person 0.76 1599 98 1665 282
person 0.99 1643 152 1756 566
person 0.38 1686 214 1791 549
handbag 0.64 1703 403 1794 492
person 0.92 1725 208 1848 552
backpack 0.86 1811 277 1868 367
