person 0.98 0 147 76 294
person 0.9 77 142 189 351
person 0.96 162 176 278 462
backpack 0.29 187 224 267 327
person 0.93 260 177 364 476
backpack 0.91 294 240 369 339
person 0.71 338 86 415 231
person 1.0 351 159 474 441
person 0.43 359 65 431 192
person 0.89 492 75 562 286
person 0.98 528 86 625 341
person 0.8 554 48 627 213
person 0.99 655 50 729 253
handbag 0.44 738 101 789 166
person 0.98 751 70 822 256
person 0.38 807 75 859 241
person 0.95 835 197 933 513
person 0.71 845 80 916 243
backpack 0.86 858 255 940 356
person 0.69 895 76 957 247
person 0.53 945 82 1008 237
person 0.92 977 117 1050 343
person 0.98 1047 78 1135 349
person 0.92 1116 66 1178 297
person 0.87 1167 66 1221 245
person 0.9 1220 66 1288 247
handbag 0.26 1234 100 1283 171
person 0.96 1254 70 1321 250
person 1.0 1288 213 1468 715
person 1.0 1470 142 1648 784
person 0.78 1710 85 1770 246
person 0.98 1781 98 1888 321
person 0.42 1878 102 1921 270
