person 0.87 1 148 77 281
person 0.98 4 207 81 509
person 0.64 75 149 162 278
handbag 0.4 97 377 147 455
person 0.93 114 202 210 499
backpack 0.57 136 264 212 379
person 1.0 184 181 280 474
person 0.96 346 81 438 333
person 1.0 488 181 579 511
person 0.99 579 172 679 534
person 0.9 596 79 671 236
backpack 0.31 640 206 702 328
person 0.98 658 43 740 261
person 0.99 820 84 884 268
backpack 0.33 825 116 865 188
person 0.69 873 66 927 247
person 0.99 877 141 1020 588
person 0.72 908 75 978 235
person 0.83 935 77 1008 239
person 0.98 996 71 1060 245
person 0.94 1072 63 1128 236
person 0.96 1110 78 1176 249
handbag 0.28 1150 117 1189 184
handbag 0.55 1159 148 1188 183
person 1.0 1175 184 1334 630
person 0.92 1225 85 1288 232
person 0.54 1329 151 1418 266
person 0.99 1331 183 1419 528
person 0.98 1401 195 1498 519
handbag 0.28 1409 510 1529 575
person 0.8 1457 195 1537 508
person 0.97 1505 74 1575 242
person 1.0 1531 193 1638 529
handbag 0.81 1610 412 1692 532
person 0.97 1638 166 1751 558
person 0.93 1722 199 1838 523
backpack 0.85 1799 273 1856 358
person 0.28 1870 54 1922 264
