person 0.97 0 150 75 291
person 0.99 68 148 168 299
backpack 0.89 180 232 249 301
person 0.99 275 191 356 464
person 0.97 747 77 815 275
person 0.99 793 211 899 514
backpack 0.25 805 255 895 355
person 0.84 810 84 872 243
person 0.93 864 75 933 242
person 0.47 906 66 965 249
person 0.99 927 118 1000 374
person 0.3 984 70 1019 174
person 0.98 990 78 1079 353
person 1.0 1142 200 1328 623
person 0.88 1143 163 1228 325
person 0.75 1200 67 1284 201
person 0.67 1257 51 1309 203
person 0.88 1317 66 1398 246
person 1.0 1320 174 1420 530
handbag 0.39 1411 511 1532 574
person 1.0 1421 212 1543 541
person 0.99 1529 191 1637 530
handbag 0.38 1559 369 1653 451
person 1.0 1632 154 1749 598
person 1.0 1764 201 1902 562
backpack 0.62 1853 270 1915 371
