person 0.97 1 148 74 292
person 0.99 71 147 169 301
backpack 0.74 181 231 249 298
person 0.99 245 104 335 356
person 1.0 375 38 447 263
person 0.99 533 106 604 311
person 0.42 544 45 615 149
handbag 0.54 572 150 613 200
person 0.98 602 78 689 346
person 0.99 693 161 804 561
person 0.97 815 80 878 275
backpack 0.29 822 114 861 186
person 0.89 864 68 928 258
person 0.26 890 76 961 242
person 0.99 891 170 1015 530
person 0.34 917 127 980 248
person 0.7 944 80 1010 239
person 0.93 990 109 1054 330
person 0.86 1112 79 1158 249
person 0.89 1156 84 1209 249
person 0.99 1190 219 1359 592
person 0.95 1221 90 1287 237
person 1.0 1333 183 1421 535
person 0.32 1366 87 1420 227
person 0.96 1404 200 1513 553
backpack 0.27 1406 501 1537 574
handbag 0.37 1410 508 1529 575
person 0.99 1493 195 1620 530
person 0.97 1506 73 1574 244
suitcase 0.54 1572 413 1671 506
handbag 0.6 1572 392 1672 501
person 0.48 1604 169 1706 378
person 1.0 1619 188 1774 582
handbag 0.47 1738 348 1792 436
person 0.98 1816 217 1912 542
