person 0.83 2 150 77 277
person 0.98 2 206 82 512
person 0.8 75 150 162 272
handbag 0.47 97 377 151 457
person 0.91 106 201 212 496
backpack 0.81 125 238 212 363
person 0.99 187 183 277 472
person 0.89 358 78 418 277
person 0.98 393 74 480 289
person 0.97 545 176 645 489
handbag 0.33 589 126 633 169
person 0.9 598 60 672 206
person 0.97 624 162 733 503
person 0.93 679 51 748 244
backpack 0.45 826 115 865 187
person 0.98 826 86 882 271
person 0.31 870 70 919 251
person 1.0 874 143 1021 585
person 0.85 891 71 952 236
person 0.29 934 65 967 120
person 0.96 948 78 1025 236
handbag 0.3 1010 165 1043 198
person 0.52 1010 76 1060 232
person 0.97 1050 74 1127 248
person 0.29 1091 81 1144 245
handbag 0.26 1105 118 1145 183
handbag 0.69 1118 150 1146 183
person 0.99 1177 191 1332 627
person 0.88 1228 85 1286 238
person 0.35 1317 126 1379 252
person 0.99 1327 183 1415 526
person 0.98 1405 194 1499 517
person 0.85 1480 216 1541 488
person 0.9 1504 72 1576 237
person 0.98 1534 208 1641 514
handbag 0.88 1559 386 1667 514
person 0.97 1632 170 1761 556
person 0.76 1717 218 1841 535
backpack 0.8 1754 244 1859 364
backpack 0.68 1799 277 1856 361
