person 0.96 1 151 76 290
person 1.0 71 146 167 301
backpack 0.87 180 231 248 299
person 0.98 321 138 408 412
person 0.86 362 62 429 260
handbag 0.3 376 307 418 364
person 0.99 477 161 547 421
person 0.91 566 56 630 246
person 0.89 598 58 668 253
person 0.99 644 113 733 331
handbag 0.52 750 104 801 165
person 0.88 753 71 819 253
person 0.55 796 73 850 249
person 0.9 816 200 957 524
person 0.88 845 84 914 281
backpack 0.7 880 246 955 362
person 0.89 899 73 970 241
person 0.53 964 81 1029 236
person 0.86 971 120 1045 344
backpack 0.44 974 156 1034 227
person 0.97 1044 88 1134 347
person 0.62 1111 83 1172 286
person 0.86 1160 65 1227 244
person 0.98 1207 69 1281 245
person 0.98 1485 169 1559 386
handbag 0.29 1528 257 1567 290
person 1.0 1556 214 1660 427
person 0.94 1779 88 1847 244
person 0.46 1873 72 1918 253
