person 0.68 0 99 176 1072
person 0.97 75 149 165 289
handbag 0.96 127 414 229 538
person 1.0 144 155 293 628
person 0.99 312 141 410 411
person 0.94 362 59 432 260
backpack 0.33 402 109 436 157
handbag 0.45 409 113 435 157
person 0.31 446 42 1295 263
person 1.0 494 22 564 271
person 0.97 585 43 656 286
person 0.97 642 43 714 258
person 0.99 669 167 822 586
handbag 0.25 678 199 819 531
handbag 0.45 685 340 782 428
person 0.61 690 63 751 237
person 0.91 750 73 829 239
suitcase 0.99 779 415 917 595
person 0.38 801 75 863 241
person 0.82 838 78 912 249
backpack 0.29 856 232 926 354
person 1.0 860 161 1039 645
person 0.83 904 78 981 237
person 0.52 984 70 1062 236
person 0.65 1056 114 1126 321
person 0.68 1117 68 1177 258
person 0.76 1166 64 1216 247
person 0.97 1170 171 1283 544
person 0.84 1202 72 1255 240
person 0.91 1253 98 1316 283
handbag 0.55 1257 298 1293 370
handbag 0.37 1314 325 1358 395
person 0.88 1315 87 1372 268
person 1.0 1326 193 1451 515
handbag 0.59 1455 339 1492 391
person 1.0 1471 193 1578 532
person 0.99 1603 197 1716 552
backpack 0.86 1665 248 1750 365
person 0.96 1779 86 1844 241
person 0.8 1823 83 1884 244
person 0.61 1870 88 1917 268
