person 0.91 3 152 75 289
person 0.67 5 227 115 534
person 0.99 72 150 169 296
backpack 0.59 181 230 246 300
person 0.99 299 159 426 399
person 0.93 409 57 480 250
person 0.95 437 40 546 262
person 0.99 574 47 646 249
person 0.71 687 60 756 240
person 0.99 709 139 785 341
backpack 0.66 717 174 770 242
person 0.67 783 75 856 193
person 0.97 788 193 907 530
person 0.41 799 164 886 263
backpack 0.6 848 263 916 380
person 0.98 876 75 933 247
person 0.98 927 122 1016 371
person 0.55 937 74 1004 244
backpack 0.52 941 155 1008 255
backpack 0.58 971 172 1018 242
person 0.79 1000 110 1059 362
person 1.0 1118 194 1258 623
person 0.8 1174 97 1228 208
person 0.97 1227 87 1290 236
handbag 0.3 1291 321 1345 409
handbag 0.27 1296 264 1363 394
person 0.99 1299 201 1420 514
person 0.51 1371 93 1429 213
person 0.99 1403 198 1503 555
handbag 0.44 1413 511 1528 574
person 1.0 1499 201 1617 553
handbag 0.4 1592 401 1669 480
person 0.68 1614 241 1678 412
person 0.96 1630 198 1768 555
person 0.4 1727 214 1830 544
backpack 0.77 1759 244 1843 362
