person 0.98 0 150 76 291
person 0.99 73 147 167 300
backpack 0.27 164 250 211 304
person 0.99 175 170 315 470
person 0.91 252 104 329 325
person 0.99 437 69 519 296
person 0.96 516 84 587 301
person 0.99 695 71 752 242
handbag 0.33 753 121 802 180
person 0.57 757 92 830 264
person 0.98 794 204 896 521
person 0.63 802 78 874 242
backpack 0.64 804 246 890 352
person 0.93 861 72 920 244
person 0.74 908 71 981 245
person 0.99 925 128 1008 367
backpack 0.45 930 143 1005 241
person 0.87 1006 107 1081 328
backpack 0.25 1050 144 1088 205
person 0.99 1069 75 1142 289
person 1.0 1111 177 1259 598
person 0.67 1157 94 1221 217
person 0.8 1219 80 1278 216
person 0.96 1233 171 1322 464
person 0.67 1272 93 1332 219
person 0.3 1307 99 1371 263
person 0.97 1352 184 1459 477
person 0.67 1353 105 1426 263
person 1.0 1415 215 1540 544
person 0.64 1520 151 1593 265
person 0.99 1525 200 1636 552
person 0.7 1570 113 1637 253
person 1.0 1624 183 1763 586
person 0.36 1867 81 1920 282
