person 0.84 1 210 87 489
person 0.83 2 152 73 288
person 0.99 72 146 167 299
backpack 0.68 182 230 247 298
person 0.82 305 158 384 336
handbag 0.42 342 345 404 410
person 0.86 365 180 473 476
person 0.41 365 60 431 206
handbag 0.49 375 345 449 435
person 0.96 415 168 544 485
person 0.37 477 75 549 233
backpack 0.36 490 126 541 176
handbag 0.29 512 300 556 367
person 0.73 553 80 631 281
person 0.64 605 66 664 261
person 0.96 641 59 718 260
person 0.63 709 55 767 243
handbag 0.43 753 104 801 163
person 0.93 755 67 824 253
person 0.52 813 97 880 256
person 0.98 816 181 961 527
person 0.59 849 81 911 241
backpack 0.69 880 245 959 365
person 0.88 904 83 969 236
person 0.37 957 87 1014 232
person 0.93 980 119 1053 340
backpack 0.38 993 137 1063 236
person 0.94 1057 114 1126 348
backpack 0.37 1079 145 1125 216
person 0.64 1120 85 1175 288
person 0.95 1168 68 1225 244
person 0.99 1213 190 1380 569
person 0.95 1216 70 1285 236
handbag 0.57 1276 233 1374 417
handbag 0.63 1422 314 1454 389
person 1.0 1432 195 1534 509
person 1.0 1555 202 1662 493
person 0.95 1779 84 1843 239
person 0.77 1822 85 1880 240
person 0.52 1872 95 1918 264
