person 0.97 0 147 76 293
person 0.99 72 147 171 301
person 0.99 181 116 274 385
handbag 0.73 324 196 361 243
person 0.99 334 60 416 287
person 0.57 535 47 606 153
person 0.97 536 108 606 324
person 0.96 601 72 682 394
person 1.0 713 156 825 551
person 0.93 741 75 799 231
person 0.84 805 97 869 260
person 0.95 866 70 927 260
person 0.57 893 79 958 241
person 0.99 907 186 1038 520
person 0.69 944 78 1008 238
person 0.92 991 111 1065 270
person 0.46 1129 98 1180 252
person 0.85 1151 94 1206 255
person 0.99 1190 214 1357 598
person 0.93 1220 87 1288 234
person 0.99 1330 181 1424 536
person 0.95 1404 195 1514 559
person 0.99 1496 188 1621 540
person 0.97 1506 73 1575 248
person 0.95 1614 219 1698 441
person 0.99 1662 191 1811 575
person 0.37 1771 234 1830 473
person 0.93 1836 196 1916 523
