person 0.34 1 155 52 285
person 0.98 25 148 141 381
person 1.0 130 160 244 427
handbag 0.33 215 227 251 300
person 0.99 284 108 375 364
person 0.99 498 201 594 446
person 0.98 534 72 595 237
person 0.99 599 49 673 255
person 0.98 685 70 745 242
person 0.54 763 127 831 356
backpack 0.44 772 133 815 193
person 0.98 787 201 906 524
person 0.28 790 66 850 197
backpack 0.33 855 230 922 370
person 0.28 859 178 934 306
person 0.53 868 79 936 236
person 0.98 933 99 1014 376
backpack 0.41 942 128 1004 294
backpack 0.6 951 168 1007 242
person 0.66 1006 107 1057 363
person 0.97 1099 105 1171 254
person 1.0 1130 190 1279 630
person 0.71 1166 66 1231 247
person 0.89 1226 84 1290 237
handbag 0.62 1296 336 1355 420
person 0.99 1316 186 1427 528
person 1.0 1406 186 1505 532
handbag 0.48 1410 511 1529 575
person 1.0 1515 186 1630 543
handbag 0.75 1596 403 1675 487
person 0.98 1644 181 1760 543
person 0.9 1731 216 1823 540
backpack 0.45 1759 246 1839 358
person 0.98 1844 237 1920 539
