person 0.93 0 152 75 290
person 0.98 69 147 167 299
backpack 0.87 181 232 250 300
person 0.99 280 203 368 508
person 0.89 378 67 439 260
person 0.73 463 51 525 201
person 0.98 480 149 548 401
handbag 0.42 495 207 540 288
person 0.52 505 47 579 207
person 0.54 548 111 643 375
person 0.36 590 155 652 388
person 0.66 592 59 653 196
person 0.79 653 46 730 252
person 0.98 656 159 736 447
handbag 0.34 739 104 792 168
person 0.91 741 64 809 258
person 0.95 797 64 887 315
person 0.43 852 65 899 310
person 0.92 898 92 962 261
backpack 0.46 903 115 952 182
person 0.96 959 96 1049 346
person 0.96 1035 88 1132 345
backpack 0.49 1042 127 1117 248
person 0.68 1108 73 1168 256
person 0.94 1156 69 1216 245
backpack 0.37 1185 92 1223 147
person 0.97 1214 65 1293 247
person 0.91 1277 72 1339 252
person 0.83 1478 89 1535 244
person 1.0 1747 83 1823 245
person 0.38 1883 74 1924 287
