person 0.98 16 161 119 445
person 0.88 93 172 188 471
person 0.93 160 171 272 491
backpack 0.85 188 238 276 347
backpack 0.27 235 248 305 352
person 0.83 253 109 319 268
person 0.99 290 158 396 452
person 0.97 362 75 429 245
person 0.91 460 65 527 303
person 1.0 502 101 597 375
person 0.64 523 43 602 215
handbag 0.27 577 172 617 239
person 1.0 644 53 712 255
handbag 0.27 674 89 717 152
handbag 0.56 743 105 794 163
person 0.97 759 63 820 261
person 0.32 805 77 859 241
person 0.96 826 197 929 512
person 0.87 842 78 912 247
backpack 0.6 852 252 934 356
person 0.82 898 77 962 251
person 0.64 948 76 1010 246
person 0.93 976 117 1050 344
backpack 0.26 990 128 1056 245
person 0.98 1049 76 1137 348
person 0.86 1120 77 1184 287
person 0.9 1161 67 1219 255
person 1.0 1197 229 1387 750
person 0.82 1216 63 1286 246
person 0.93 1255 69 1319 248
person 1.0 1408 182 1597 824
person 0.66 1737 83 1791 245
person 0.84 1759 81 1820 245
person 0.94 1789 82 1862 242
person 0.62 1858 134 1923 348
