person 0.98 -5 195 78 515
person 0.63 2 146 73 285
person 0.84 37 43 116 206
person 0.94 59 199 155 450
person 0.78 84 151 171 285
backpack 0.49 184 228 247 300
person 0.98 298 54 394 311
handbag 0.35 366 102 411 190
person 0.99 426 81 496 332
backpack 0.75 577 130 621 199
person 0.93 586 96 661 308
person 0.62 641 78 697 234
person 0.6 758 73 818 248
handbag 0.31 763 181 794 235
person 0.75 785 132 859 344
person 0.97 810 180 916 529
person 0.35 812 66 865 186
backpack 0.72 842 247 918 355
person 0.93 860 75 923 245
person 0.56 897 70 956 250
person 0.99 924 120 1009 372
backpack 0.27 928 170 981 239
backpack 0.64 934 131 1008 254
person 0.5 943 76 1004 180
person 0.88 998 113 1066 321
person 0.73 1094 71 1147 253
person 0.94 1133 130 1204 342
person 1.0 1147 211 1331 619
person 0.73 1192 141 1268 278
person 0.68 1271 71 1336 228
person 0.99 1319 171 1422 528
person 0.46 1385 95 1424 202
person 1.0 1418 212 1538 548
person 0.98 1508 206 1595 507
handbag 0.83 1574 400 1677 497
person 0.44 1601 275 1666 394
person 0.96 1621 199 1761 557
person 0.96 1723 215 1843 538
backpack 0.87 1802 280 1861 364
