person 0.87 -1 164 88 442
person 0.58 2 149 75 281
person 0.5 70 150 158 287
person 0.91 75 169 194 439
person 0.99 158 186 299 445
person 1.0 518 54 588 241
backpack 0.52 759 110 826 216
person 0.39 768 113 832 297
person 0.88 785 175 907 541
person 0.47 798 97 865 268
backpack 0.5 823 267 912 372
person 0.82 858 85 911 237
backpack 0.36 890 212 958 322
person 0.85 890 163 995 429
person 0.56 895 82 948 232
person 0.73 930 111 1015 377
person 0.52 942 83 1012 231
person 0.87 995 107 1066 327
person 0.96 1105 71 1166 255
person 1.0 1143 206 1302 626
person 0.93 1162 84 1228 247
person 0.96 1217 87 1288 230
handbag 0.76 1295 340 1353 422
person 0.99 1320 183 1426 534
person 0.45 1371 88 1424 218
person 0.98 1404 196 1512 560
handbag 0.26 1408 508 1535 576
person 1.0 1501 201 1613 523
person 0.97 1506 72 1574 243
handbag 0.88 1552 389 1651 512
person 0.99 1619 189 1748 575
person 0.99 1703 179 1913 868
backpack 0.43 1704 294 1788 480
person 0.35 1745 202 1799 272
