person 0.98 0 148 76 295
person 0.99 67 149 167 299
backpack 0.86 179 231 250 300
person 0.99 648 70 717 243
person 0.92 755 109 825 321
person 0.99 789 202 897 519
person 0.7 806 82 856 225
backpack 0.46 807 260 889 351
person 0.97 865 83 930 243
person 0.34 894 76 961 246
person 0.99 907 116 999 374
backpack 0.39 920 172 977 239
person 0.52 946 77 1005 184
person 0.98 996 94 1061 369
person 0.99 1092 199 1162 435
person 0.98 1122 72 1180 239
person 1.0 1145 205 1321 620
person 0.88 1173 69 1230 251
person 0.84 1204 76 1263 242
person 0.69 1239 88 1298 217
person 1.0 1321 187 1420 519
person 1.0 1423 220 1541 537
person 1.0 1532 202 1624 511
handbag 0.81 1577 419 1688 515
person 0.51 1600 189 1653 353
person 0.99 1612 183 1774 577
handbag 0.46 1726 335 1802 428
person 0.99 1764 198 1902 558
backpack 0.65 1852 271 1915 370
