person 0.74 -2 113 29 542
person 0.79 4 151 74 287
person 0.31 42 36 1290 350
person 0.99 54 182 204 483
person 0.47 78 151 156 230
person 0.91 200 218 350 449
person 0.88 242 79 325 235
person 0.29 278 158 352 278
person 0.86 363 72 431 245
person 0.99 412 176 522 515
person 0.37 461 69 532 240
person 0.53 472 53 567 323
person 0.37 487 203 553 391
handbag 0.57 513 362 573 418
person 0.8 546 104 616 320
person 0.74 590 46 655 209
person 0.94 617 195 707 424
person 0.9 654 52 731 248
person 0.4 714 52 771 250
person 0.83 742 61 810 257
handbag 0.29 749 104 803 163
person 0.92 801 72 901 307
person 0.82 859 77 920 297
person 0.72 911 74 967 247
person 0.35 952 77 1015 241
person 0.89 970 118 1041 319
backpack 0.26 974 154 1033 225
person 0.37 1015 60 1078 187
person 0.96 1027 194 1112 463
person 0.79 1061 119 1140 300
person 0.26 1104 73 1165 188
person 0.58 1106 97 1166 281
person 0.92 1169 64 1227 251
person 0.98 1214 61 1280 255
person 0.99 1437 210 1533 442
person 0.99 1527 193 1617 448
person 0.96 1552 80 1619 226
person 0.98 1638 169 1703 391
person 0.99 1703 88 1762 238
person 0.98 1775 86 1857 242
person 0.64 1872 84 1922 276
