person 0.97 -1 149 77 291
person 0.99 70 147 170 299
backpack 0.85 178 229 249 300
person 0.98 303 82 378 337
person 0.99 410 50 492 254
person 0.99 517 100 588 304
handbag 0.3 550 137 590 188
person 0.57 566 40 623 161
person 0.96 595 65 683 356
person 0.37 618 171 674 351
person 0.99 693 159 789 556
backpack 0.55 818 115 866 186
person 0.98 821 84 883 284
person 0.38 868 69 920 253
person 0.99 881 179 1003 537
person 0.35 894 77 960 243
person 0.52 914 121 984 255
person 0.59 944 81 1008 240
person 0.89 992 104 1056 339
person 0.91 1118 81 1165 251
person 0.93 1165 91 1215 257
person 1.0 1190 212 1358 602
person 0.95 1225 89 1289 241
person 0.99 1336 188 1422 528
person 0.98 1402 188 1513 533
person 0.99 1498 200 1619 523
person 0.9 1508 72 1573 225
suitcase 0.89 1537 418 1643 526
person 0.67 1600 213 1653 326
person 1.0 1607 168 1753 596
person 0.98 1835 225 1916 532
