person 0.98 1 148 77 293
person 0.99 71 151 162 296
person 0.98 170 120 254 401
person 0.99 272 156 357 456
person 0.94 347 191 450 454
person 0.61 381 72 442 236
handbag 0.41 385 219 465 332
person 0.97 422 138 509 407
person 0.93 520 52 578 271
person 0.83 557 74 622 287
person 0.93 583 80 650 294
person 0.39 583 39 654 160
person 0.98 685 56 750 259
handbag 0.36 738 103 791 165
person 0.98 747 71 811 257
person 0.87 809 81 879 289
person 0.82 848 194 945 512
person 0.32 851 92 918 274
handbag 0.25 862 249 950 361
backpack 0.86 871 245 960 359
person 0.6 894 88 960 240
backpack 0.45 964 142 1041 230
person 0.86 977 110 1051 349
person 0.25 1002 83 1046 152
person 0.26 1032 71 1070 145
person 0.96 1045 79 1135 347
person 0.9 1111 64 1174 297
person 0.94 1169 67 1225 242
person 0.89 1220 68 1287 243
person 0.98 1256 71 1325 250
person 1.0 1343 210 1514 677
person 1.0 1537 180 1708 713
person 0.81 1705 98 1781 274
person 0.81 1720 85 1853 292
handbag 0.45 1736 153 1793 203
person 0.26 1768 87 1830 233
person 0.72 1797 91 1865 235
person 0.58 1877 81 1923 281
