person 0.96 2 150 73 291
person 0.88 68 150 158 293
person 1.0 117 183 251 426
backpack 0.82 192 225 250 301
person 0.96 299 162 373 388
person 0.97 369 213 434 446
backpack 0.31 418 264 452 322
person 1.0 496 46 578 268
person 0.99 575 37 644 281
person 0.87 740 72 811 253
person 0.97 794 209 898 516
backpack 0.53 803 248 888 354
person 0.62 806 84 876 241
person 0.26 856 69 889 140
person 0.95 862 77 925 243
person 0.95 931 85 995 401
person 0.6 943 80 1006 236
handbag 0.27 947 168 996 239
person 0.94 1004 94 1076 350
person 0.93 1052 74 1106 245
person 1.0 1148 213 1331 610
person 0.99 1157 49 1232 260
person 0.68 1223 78 1285 231
person 0.59 1252 83 1317 223
person 0.62 1294 91 1346 230
person 1.0 1317 178 1426 522
person 1.0 1412 195 1540 554
person 0.94 1412 149 1477 277
person 0.83 1461 123 1529 241
person 1.0 1534 203 1634 511
handbag 0.88 1574 381 1683 514
person 0.99 1635 182 1756 576
person 1.0 1753 197 1904 563
backpack 0.36 1857 256 1917 392
person 0.39 1870 256 1920 454
person 0.3 1881 79 1919 291
