person 0.31 -1 185 37 469
person 0.96 2 150 74 294
person 0.99 69 148 167 296
backpack 0.77 180 230 249 299
person 1.0 478 196 546 445
person 0.78 749 81 826 238
handbag 0.27 754 117 797 185
person 0.98 796 203 899 521
person 0.75 807 82 876 242
backpack 0.63 809 253 890 356
person 0.96 866 67 940 245
person 0.97 929 104 1000 382
person 0.32 942 86 1007 235
person 0.94 1002 94 1069 342
person 0.94 1095 71 1147 248
person 0.91 1127 90 1211 346
person 1.0 1146 208 1329 616
person 0.75 1156 59 1210 197
person 0.35 1222 74 1282 226
person 0.95 1243 52 1313 208
person 0.97 1302 85 1358 241
person 1.0 1319 180 1419 525
handbag 0.38 1412 510 1528 575
person 1.0 1424 217 1539 538
person 0.99 1524 187 1628 536
backpack 0.26 1557 256 1630 353
handbag 0.77 1581 387 1679 493
person 0.97 1634 173 1763 555
person 0.99 1767 203 1903 559
backpack 0.32 1866 257 1916 409
