person 0.97 1 151 75 291
person 0.99 67 148 166 300
backpack 0.86 181 229 247 299
person 0.99 258 175 411 461
person 0.97 372 51 462 314
person 0.9 549 64 619 249
person 0.98 621 65 703 288
person 0.96 714 50 790 259
handbag 0.26 738 101 792 165
person 0.83 746 59 813 256
person 0.95 789 202 894 514
person 0.88 793 74 862 245
person 0.96 859 76 919 247
person 0.97 915 109 996 355
person 0.42 917 69 977 183
person 0.96 983 105 1079 339
person 0.85 1058 80 1122 245
person 0.76 1089 74 1150 237
person 0.98 1150 67 1215 238
person 0.98 1173 182 1291 540
person 0.77 1207 72 1272 230
backpack 0.32 1252 91 1287 153
person 0.91 1303 201 1407 440
person 0.4 1319 90 1367 231
person 0.99 1376 197 1507 556
person 0.39 1505 203 1563 401
person 0.39 1510 119 1584 236
person 0.98 1526 188 1622 534
handbag 0.78 1553 413 1624 532
person 1.0 1574 186 1730 581
person 0.64 1576 82 1641 216
person 0.76 1644 72 1720 193
person 0.95 1691 204 1821 558
person 0.71 1711 147 1796 235
handbag 0.28 1765 257 1846 359
backpack 0.5 1774 273 1848 365
