person 0.97 0 149 73 289
person 0.99 64 150 168 296
backpack 0.7 165 227 256 301
person 0.98 557 67 627 251
person 0.75 602 56 660 250
person 0.9 648 73 708 249
person 0.85 692 72 743 235
person 1.0 698 174 798 526
backpack 0.7 809 114 841 182
backpack 0.44 819 114 867 188
person 0.81 821 92 878 234
person 0.99 830 191 929 523
backpack 0.72 862 256 942 357
person 0.85 869 78 930 244
person 0.98 926 118 1002 367
person 0.4 937 79 1003 233
person 0.97 998 112 1062 356
handbag 0.55 1044 260 1105 320
person 0.99 1047 202 1126 437
person 1.0 1126 177 1275 634
person 0.9 1151 88 1209 208
person 0.95 1221 90 1290 235
handbag 0.47 1300 333 1348 423
person 1.0 1316 190 1427 523
person 0.25 1362 98 1421 227
person 0.97 1408 218 1511 538
handbag 0.34 1409 493 1533 578
person 1.0 1498 194 1616 530
person 0.98 1504 73 1575 243
suitcase 0.43 1580 430 1679 545
handbag 0.74 1582 415 1678 531
person 1.0 1624 173 1761 589
person 1.0 1786 203 1905 554
backpack 0.9 1845 263 1917 374
