person 0.57 1 155 46 433
handbag 0.33 19 201 200 518
person 0.75 20 203 206 556
person 0.42 96 165 231 377
backpack 0.72 181 229 247 299
person 0.98 467 75 554 312
backpack 0.67 611 246 661 333
handbag 0.25 624 225 705 366
person 0.94 624 200 700 437
person 0.58 651 61 709 244
person 0.93 682 54 752 255
person 0.34 757 70 837 243
handbag 0.8 770 177 817 236
person 0.98 786 192 905 529
person 0.68 789 69 862 184
person 0.37 790 160 871 315
person 0.26 799 138 872 243
backpack 0.49 847 251 917 362
person 0.97 869 76 930 246
person 0.99 926 126 1020 371
person 0.77 935 78 1008 235
backpack 0.28 944 121 1015 254
backpack 0.61 983 173 1022 242
backpack 0.27 994 123 1061 251
person 0.76 1000 115 1057 354
person 1.0 1115 142 1172 339
person 0.99 1145 216 1331 605
person 0.81 1167 93 1222 236
person 0.93 1224 82 1287 228
person 0.98 1307 188 1411 518
person 1.0 1409 185 1511 537
handbag 0.4 1410 497 1535 575
person 0.98 1513 194 1633 532
handbag 0.87 1566 390 1677 499
person 0.39 1573 177 1639 305
person 0.95 1638 198 1759 557
person 0.93 1725 212 1836 545
backpack 0.44 1761 253 1853 359
backpack 0.67 1803 279 1858 368
