person 0.98 0 152 76 294
person 0.71 58 145 127 298
person 0.98 75 169 209 470
backpack 0.81 186 230 249 302
person 0.99 349 168 686 837
person 0.84 355 84 428 297
handbag 0.91 374 386 519 570
person 0.47 470 106 534 254
person 0.37 489 87 552 230
person 0.45 511 51 578 150
person 0.98 518 93 624 346
person 0.81 617 67 681 253
person 0.88 667 60 721 251
person 0.3 709 54 757 245
person 0.93 748 61 817 257
handbag 0.41 749 101 803 169
person 0.7 799 76 855 245
person 0.99 817 193 962 524
person 0.77 850 81 912 241
backpack 0.44 882 248 958 363
person 0.9 903 74 973 236
person 0.99 981 124 1049 344
person 0.97 1060 110 1128 356
person 1.0 1078 200 1327 729
backpack 0.87 1090 261 1207 462
person 0.91 1124 83 1181 282
person 0.63 1171 73 1223 250
person 0.71 1197 81 1252 243
person 0.62 1246 74 1311 183
person 0.44 1259 138 1328 291
person 0.29 1309 97 1359 270
person 0.97 1327 171 1433 391
person 0.95 1779 82 1847 240
person 0.86 1819 84 1884 242
person 0.6 1872 92 1918 263
