person 0.99 13 190 201 637
person 0.28 92 152 133 207
person 0.76 94 167 184 307
person 0.92 209 169 335 473
handbag 0.35 268 337 360 430
person 0.36 359 76 413 234
person 0.96 380 70 479 364
person 0.54 429 63 499 247
person 0.89 515 83 582 293
person 0.65 539 86 611 321
person 0.53 594 75 654 245
person 0.98 653 90 732 318
person 0.26 699 66 737 145
person 0.31 708 55 756 208
person 0.91 747 64 813 254
person 0.94 802 76 875 294
person 0.85 865 71 932 255
person 0.51 902 79 963 242
person 0.91 929 203 1019 489
person 0.43 965 126 1048 295
person 0.31 968 64 1037 188
backpack 0.26 996 156 1047 221
person 0.87 1045 92 1141 340
person 0.4 1050 58 1114 199
bicycle 0.36 1051 130 1123 340
person 0.55 1104 88 1169 285
person 0.95 1162 67 1220 238
person 0.84 1216 72 1286 245
person 0.97 1264 72 1325 252
person 0.95 1369 70 1427 240
person 0.99 1506 205 1614 540
person 1.0 1675 184 1792 537
person 0.9 1703 92 1761 223
person 0.98 1774 89 1858 231
person 0.59 1876 86 1924 276
