person 0.92 -2 157 121 504
person 0.77 5 154 77 282
person 0.27 28 152 106 292
person 0.98 72 149 163 295
person 0.98 155 132 262 371
handbag 0.44 185 181 260 295
person 0.99 349 109 428 351
person 0.98 444 111 519 369
person 0.99 615 66 677 252
person 0.7 744 71 805 237
handbag 0.38 753 118 803 181
person 0.99 788 206 896 518
person 0.77 796 76 872 243
backpack 0.49 807 255 891 351
person 0.87 867 70 927 247
person 0.51 899 71 965 242
person 0.99 924 129 1009 363
person 0.47 952 71 1013 179
person 0.68 1003 115 1075 246
person 0.95 1009 176 1091 440
person 0.88 1084 176 1178 464
person 1.0 1119 186 1280 624
person 0.7 1120 98 1193 233
person 0.62 1205 96 1278 222
person 0.8 1269 103 1332 269
person 0.82 1346 66 1411 239
person 0.98 1363 192 1456 507
person 0.98 1415 207 1543 547
person 0.49 1450 120 1544 234
handbag 0.88 1515 415 1627 514
person 0.93 1539 206 1640 453
person 0.99 1593 181 1757 582
person 0.43 1690 156 1759 234
person 0.3 1703 155 1751 455
