person 0.99 -1 145 77 296
person 0.99 69 147 166 302
handbag 0.27 166 226 256 304
backpack 0.81 179 230 251 301
person 1.0 335 64 396 287
person 0.94 445 175 534 444
person 0.99 547 46 617 252
person 0.99 609 51 684 257
person 0.64 758 82 833 237
person 0.99 790 205 893 520
person 0.73 794 70 861 239
backpack 0.34 808 254 888 349
person 0.94 863 75 921 249
person 0.97 911 116 982 372
backpack 0.53 916 169 975 241
person 0.33 920 74 982 179
person 0.29 955 73 1006 244
backpack 0.25 981 166 1021 249
person 0.9 991 81 1084 348
person 0.8 1066 72 1134 245
person 0.78 1102 67 1159 247
person 0.99 1117 172 1240 581
person 0.94 1202 75 1276 253
person 0.85 1260 83 1313 243
handbag 0.34 1301 148 1347 212
person 0.88 1308 101 1386 279
person 0.53 1322 188 1388 415
person 0.76 1359 185 1454 518
person 1.0 1413 205 1536 542
person 0.56 1419 100 1483 221
person 1.0 1531 188 1637 564
person 0.96 1641 164 1755 605
handbag 0.91 1644 417 1734 525
person 0.99 1773 222 1908 542
person 0.26 1880 232 1918 479
