person 0.33 1 146 51 278
person 0.99 13 180 140 473
person 0.94 93 150 169 289
person 0.97 165 82 413 874
handbag 0.86 237 267 434 619
person 0.78 342 95 431 277
person 0.33 375 63 453 187
person 1.0 468 186 655 813
handbag 0.97 580 318 670 494
handbag 0.56 723 107 782 165
person 0.81 741 58 803 258
person 0.98 802 70 873 296
person 0.38 861 61 912 255
person 0.48 895 101 955 254
person 0.96 941 109 1018 336
person 0.47 972 69 1018 145
person 0.98 1006 98 1093 332
person 0.41 1025 72 1065 136
person 0.35 1067 81 1116 234
person 0.98 1102 77 1179 301
person 0.99 1193 79 1263 247
person 0.95 1277 76 1339 241
handbag 0.35 1277 274 1319 315
person 0.98 1288 162 1375 358
person 1.0 1671 104 1743 319
person 0.94 1841 123 1917 310
backpack 0.4 1843 163 1883 226
