person 0.51 4 152 62 280
person 0.74 15 46 100 163
person 1.0 49 157 184 502
person 0.99 207 176 320 490
person 0.99 310 170 404 435
person 0.3 391 80 460 232
person 1.0 414 171 509 421
person 0.34 460 72 523 183
person 0.87 480 130 551 352
person 0.98 598 174 699 410
person 0.78 603 41 670 221
handbag 0.54 674 314 707 380
person 0.93 688 69 756 239
handbag 0.59 746 107 799 166
person 0.89 747 71 811 249
person 0.96 802 71 874 294
person 0.29 857 71 908 249
person 0.66 899 98 962 253
person 0.41 956 64 1027 150
person 0.98 957 106 1045 342
backpack 0.35 1012 156 1050 225
person 0.79 1037 70 1103 251
person 0.95 1053 112 1154 364
person 0.3 1101 74 1163 243
person 0.93 1158 67 1222 258
person 0.89 1213 230 1394 528
person 0.97 1213 55 1283 249
person 0.26 1311 74 1364 229
backpack 0.31 1341 265 1421 384
person 0.96 1357 175 1499 526
person 0.99 1780 85 1853 240
person 0.97 1853 123 1918 313
