person 0.92 -1 206 131 466
person 0.67 0 150 76 233
person 0.98 75 148 167 289
backpack 0.68 182 229 246 299
person 1.0 296 128 386 371
person 1.0 400 133 497 386
person 0.96 635 70 695 284
person 0.93 756 75 828 252
person 0.97 794 205 896 519
backpack 0.47 804 250 886 353
person 0.77 812 94 878 261
person 0.7 864 76 917 244
person 0.84 892 71 956 249
person 0.98 924 113 1001 383
backpack 0.31 944 133 1009 248
person 0.68 951 67 1007 184
person 0.35 977 61 1016 156
person 0.97 997 103 1069 337
person 0.98 1058 52 1114 248
person 0.99 1124 65 1190 262
person 0.98 1148 216 1331 607
person 0.95 1226 82 1281 230
person 0.63 1279 99 1334 220
person 0.99 1317 180 1424 527
person 0.74 1402 142 1472 284
person 0.99 1409 191 1511 529
handbag 0.33 1411 509 1532 575
person 0.83 1496 153 1557 321
handbag 0.36 1512 348 1550 407
person 0.99 1531 204 1639 518
handbag 0.87 1568 411 1679 511
person 0.99 1635 186 1766 574
person 0.99 1752 190 1868 537
backpack 0.48 1848 276 1914 373
