person 0.97 0 151 77 295
person 0.98 71 144 154 300
person 0.98 136 153 237 426
person 1.0 244 161 398 493
person 1.0 368 183 479 464
person 0.86 371 65 423 236
person 0.45 399 66 454 240
person 0.3 429 71 500 240
person 0.95 451 109 548 384
person 0.97 529 48 601 261
person 0.96 599 61 666 254
person 0.91 664 70 724 241
person 0.74 711 73 767 236
person 0.82 754 69 822 249
person 0.5 798 68 857 251
person 0.87 842 87 909 272
person 0.92 881 142 1088 779
person 0.83 897 303 1049 575
person 0.77 898 80 977 233
handbag 0.38 910 349 1030 488
person 0.97 982 127 1053 299
backpack 0.74 985 126 1058 250
person 0.27 1001 86 1047 155
person 0.9 1054 105 1130 327
person 0.94 1123 75 1181 295
person 0.96 1194 72 1259 248
person 0.27 1253 83 1306 234
handbag 0.33 1267 258 1321 326
person 0.87 1276 184 1368 428
person 0.31 1285 144 1358 284
person 0.96 1338 191 1432 447
person 0.68 1404 167 1455 380
person 0.33 1410 168 1451 248
person 0.96 1778 83 1848 239
person 0.83 1819 84 1884 240
person 0.38 1845 174 1914 707
backpack 0.55 1852 276 1923 494
person 0.73 1872 97 1918 265
