person 0.99 -1 145 82 297
person 0.98 76 147 168 299
backpack 0.72 181 230 248 301
person 1.0 351 59 418 264
person 0.98 492 152 580 411
person 0.98 573 47 651 251
person 0.99 643 49 713 253
person 0.86 762 91 819 264
person 0.99 790 198 895 523
person 0.83 806 76 863 244
backpack 0.48 807 254 889 350
person 0.96 860 71 914 249
person 0.92 903 79 991 359
backpack 0.54 927 167 984 241
person 0.43 965 83 1020 241
person 0.67 995 96 1088 344
person 0.3 1005 109 1072 254
person 0.94 1060 66 1127 253
person 1.0 1108 157 1253 567
person 0.83 1155 70 1224 232
person 0.91 1213 73 1271 240
person 0.92 1269 82 1343 278
person 0.34 1324 113 1392 308
person 0.5 1348 97 1415 276
person 0.9 1362 178 1455 484
handbag 0.56 1364 337 1395 391
person 0.41 1378 185 1466 347
person 1.0 1416 211 1534 543
person 1.0 1523 187 1629 541
person 0.98 1642 178 1758 586
handbag 0.41 1683 419 1767 528
person 0.99 1751 199 1868 554
person 0.9 1862 231 1920 463
