person 0.42 3 158 75 320
person 0.38 7 160 117 442
person 0.95 92 170 240 474
person 0.97 340 130 419 361
person 0.92 398 135 534 412
backpack 0.42 403 183 487 293
person 0.95 457 51 536 261
handbag 0.82 502 169 550 248
handbag 0.78 567 172 617 242
person 0.99 591 57 657 289
person 0.99 751 72 815 254
handbag 0.54 755 105 805 165
person 0.6 804 73 856 242
person 0.94 828 188 935 521
backpack 0.84 849 250 938 363
person 0.7 850 80 913 240
backpack 0.39 853 125 896 200
person 0.83 907 87 968 265
person 0.99 966 172 1233 912
person 0.37 969 71 1034 185
person 0.94 971 108 1043 331
person 0.86 1054 58 1123 207
person 0.79 1118 71 1181 253
person 0.9 1158 70 1211 245
person 0.99 1162 183 1428 974
person 0.85 1208 87 1267 237
person 0.79 1272 73 1326 179
person 0.97 1776 87 1855 246
person 0.64 1876 80 1924 278
