handbag 0.45 0 263 63 387
person 0.76 5 178 118 522
person 0.98 75 152 169 288
backpack 0.9 183 231 245 301
person 0.99 223 169 342 429
person 0.93 365 52 418 248
person 0.96 395 49 467 254
person 0.94 424 50 499 253
person 0.98 527 39 590 256
person 0.98 663 59 730 242
person 0.96 719 131 790 343
backpack 0.3 725 172 775 235
person 0.96 786 197 907 530
person 0.82 788 72 857 194
person 0.48 796 161 881 267
backpack 0.51 843 245 916 365
person 0.98 874 77 934 244
person 0.36 895 76 961 245
person 1.0 926 128 1015 366
person 0.4 936 77 1008 237
backpack 0.35 945 134 1012 250
backpack 0.71 969 171 1018 240
person 0.73 1000 113 1061 364
person 1.0 1126 190 1272 632
person 0.63 1172 96 1226 206
tie 0.6 1192 263 1205 285
person 0.94 1228 92 1290 227
handbag 0.6 1289 321 1347 410
person 0.98 1315 188 1426 518
person 0.67 1385 92 1427 199
person 0.99 1400 197 1510 555
handbag 0.41 1409 492 1533 575
person 1.0 1499 204 1619 547
handbag 0.75 1613 405 1663 496
person 0.97 1629 205 1758 547
person 0.9 1733 202 1830 516
backpack 0.55 1787 273 1842 365
