person 0.46 -1 109 116 938
person 0.52 5 153 72 331
person 0.9 73 155 152 289
person 0.94 122 150 237 390
handbag 0.4 183 200 255 295
backpack 0.53 189 225 251 300
person 0.98 368 65 433 253
person 0.76 463 104 528 325
person 0.4 512 63 589 190
person 0.98 513 124 614 347
handbag 0.49 571 173 610 239
person 1.0 642 70 714 287
person 0.98 749 68 811 254
handbag 0.62 753 106 799 164
person 0.96 787 198 895 520
person 0.77 797 82 862 243
backpack 0.3 808 251 890 353
person 0.96 862 76 920 249
person 0.99 910 91 996 346
person 0.98 990 98 1065 345
handbag 0.25 1059 130 1101 189
person 0.98 1089 58 1155 255
person 0.97 1148 70 1214 262
person 0.99 1171 184 1290 533
person 0.98 1208 68 1285 240
person 0.74 1314 88 1371 239
handbag 0.65 1364 336 1403 389
person 1.0 1367 179 1501 540
handbag 0.41 1371 247 1413 305
person 0.98 1527 186 1626 539
person 0.89 1549 81 1618 226
person 0.98 1572 191 1727 567
person 0.75 1649 72 1722 221
person 0.96 1682 205 1828 546
person 0.35 1794 205 1870 334
person 0.6 1867 199 1922 449
