person 0.93 3 150 71 277
person 0.99 29 90 349 851
handbag 0.33 48 498 131 608
person 0.41 80 153 133 229
person 0.3 251 138 317 287
person 0.99 291 160 388 447
person 0.41 366 68 418 239
person 0.39 401 108 459 254
person 0.99 414 169 504 433
person 0.69 488 134 545 285
person 0.99 502 208 671 789
person 0.99 592 55 651 249
person 0.97 670 68 728 248
person 0.8 706 70 759 251
handbag 0.48 736 108 791 166
person 0.92 745 67 807 256
person 0.99 805 71 874 301
person 0.93 896 88 957 263
person 0.99 935 109 1032 337
person 0.32 941 78 971 137
backpack 0.41 949 138 1021 229
person 0.6 976 70 1023 143
person 0.98 1033 91 1124 342
backpack 0.33 1076 147 1119 210
person 0.77 1115 91 1178 284
person 0.53 1157 70 1213 242
handbag 0.28 1158 169 1198 245
person 0.99 1221 71 1288 250
person 0.96 1285 73 1350 251
person 1.0 1438 64 1499 260
person 0.38 1871 48 1922 267
