person 0.98 1 149 78 294
person 0.99 70 151 167 298
handbag 0.36 186 231 237 298
backpack 0.33 186 231 237 298
person 1.0 195 188 327 457
person 0.88 361 70 438 232
person 0.98 366 204 478 451
handbag 0.45 401 106 442 158
backpack 0.29 401 106 442 158
person 1.0 487 30 559 265
person 1.0 599 34 662 263
person 0.88 648 74 705 237
backpack 0.3 653 93 703 178
handbag 0.35 666 104 707 169
handbag 0.56 741 103 798 169
person 0.95 743 69 803 255
person 0.99 799 74 870 297
person 0.92 887 72 963 260
person 0.99 946 92 1036 348
person 0.99 1032 75 1120 354
backpack 0.3 1047 116 1109 254
backpack 0.31 1070 146 1118 212
person 0.89 1118 78 1176 292
person 0.39 1163 73 1214 249
person 0.94 1192 60 1288 352
person 0.25 1271 102 1326 257
person 0.89 1290 73 1349 252
person 1.0 1426 71 1494 253
person 0.3 1873 48 1922 268
