person 0.97 0 148 74 288
person 0.99 67 149 170 295
backpack 0.74 180 230 251 300
person 0.98 569 66 638 257
person 0.98 642 65 706 243
person 1.0 696 167 805 507
person 0.97 698 72 760 234
backpack 0.7 812 117 842 178
backpack 0.34 819 116 865 184
person 0.86 824 97 880 254
person 0.96 825 182 928 529
handbag 0.44 859 269 932 370
backpack 0.76 860 254 936 361
person 0.82 871 78 925 246
person 0.52 892 78 947 247
person 0.98 927 126 1002 359
person 0.55 937 80 1003 242
backpack 0.38 956 174 1003 238
person 0.54 993 120 1062 262
handbag 0.62 996 217 1075 328
person 0.82 996 214 1073 436
handbag 0.5 1005 251 1056 329
person 0.84 1072 204 1164 440
person 1.0 1119 165 1269 620
person 0.93 1152 86 1212 215
person 0.95 1219 88 1290 234
handbag 0.68 1300 332 1348 423
person 1.0 1317 190 1426 527
person 0.98 1406 214 1511 540
handbag 0.47 1407 491 1534 578
person 1.0 1495 204 1618 545
person 0.95 1504 74 1576 245
person 0.99 1636 173 1756 596
handbag 0.94 1648 414 1740 516
handbag 0.32 1697 335 1775 426
person 0.98 1777 208 1902 544
backpack 0.64 1848 243 1917 366
