person 0.99 1 148 75 294
person 1.0 69 146 164 302
backpack 0.85 181 231 248 299
person 0.96 320 161 443 422
person 0.57 367 56 427 202
person 0.66 398 101 484 317
person 1.0 468 191 570 450
person 0.98 572 153 910 822
person 0.97 682 55 747 245
person 0.57 748 70 811 188
person 0.81 800 152 900 502
person 0.56 802 81 875 237
person 0.74 864 73 917 245
person 0.98 911 74 994 351
person 0.98 991 104 1062 341
person 0.97 1053 44 1112 254
person 0.95 1111 73 1166 244
person 0.86 1160 72 1220 248
person 0.99 1169 181 1290 534
person 0.95 1214 70 1283 238
handbag 0.32 1253 171 1298 239
person 0.95 1266 134 1348 342
handbag 0.72 1367 337 1401 390
person 1.0 1368 214 1490 535
handbag 0.36 1507 346 1546 403
person 0.98 1509 181 1612 545
person 0.87 1542 88 1617 235
person 0.99 1593 189 1711 569
person 0.91 1620 99 1700 218
handbag 0.67 1632 427 1708 513
person 0.63 1634 211 1752 551
person 0.95 1682 212 1796 550
person 0.49 1719 213 1864 490
backpack 0.3 1762 259 1836 347
person 0.98 1786 198 1901 465
