person 0.64 2 149 76 274
person 0.99 3 201 85 512
person 0.75 76 150 167 281
person 0.97 108 201 215 497
backpack 0.82 130 239 218 355
person 0.29 152 142 221 238
person 0.98 191 174 289 470
backpack 0.33 244 207 307 326
person 0.98 304 126 391 346
handbag 0.65 483 305 537 359
person 0.99 496 36 565 256
person 1.0 503 197 617 517
person 0.91 580 32 646 227
person 1.0 611 173 691 469
person 0.97 839 90 908 271
backpack 0.63 843 117 893 187
person 0.84 845 167 933 551
person 0.99 876 180 1020 569
person 0.62 906 74 962 228
person 0.94 947 74 1009 237
person 0.99 1062 65 1131 282
person 0.68 1163 212 1221 439
person 0.99 1172 197 1337 617
person 0.94 1203 76 1275 250
person 0.88 1271 73 1335 231
person 0.99 1327 181 1418 530
person 0.72 1364 73 1424 228
person 1.0 1404 176 1505 538
handbag 0.33 1410 511 1529 575
person 0.99 1532 203 1641 523
handbag 0.38 1573 430 1677 561
person 0.97 1606 70 1916 1091
person 0.94 1643 167 1743 387
person 0.62 1732 203 1822 332
