person 0.98 4 189 79 516
person 0.26 6 157 72 275
person 1.0 73 147 170 299
backpack 0.85 180 230 247 300
person 0.99 282 162 362 438
person 0.67 301 84 376 190
person 0.35 343 110 415 213
person 0.97 358 186 463 449
person 0.27 381 58 449 196
person 0.29 386 155 470 282
person 0.94 438 70 519 279
person 1.0 501 190 599 444
person 0.98 617 51 687 247
person 0.75 685 48 751 246
person 0.99 699 173 794 445
person 0.84 747 70 820 237
person 1.0 779 201 887 517
person 0.58 804 78 876 237
person 0.68 856 72 915 248
person 0.79 903 71 974 254
handbag 0.87 925 457 1068 586
person 0.67 945 69 1003 249
person 0.91 949 193 1090 636
person 0.3 996 88 1058 229
person 0.26 1004 79 1048 164
person 0.56 1062 100 1123 335
person 0.98 1104 167 1195 442
person 0.75 1144 54 1209 211
person 0.98 1172 175 1283 549
person 0.78 1207 88 1269 231
handbag 0.37 1256 298 1292 371
person 0.85 1271 89 1327 281
handbag 0.28 1315 326 1356 401
person 1.0 1321 183 1448 518
person 0.71 1340 126 1404 242
person 0.75 1400 116 1455 243
handbag 0.66 1450 383 1523 493
person 0.4 1450 174 1549 539
person 1.0 1472 178 1631 573
handbag 0.36 1599 354 1662 422
person 0.98 1682 199 1816 553
person 0.73 1689 111 1767 249
person 0.97 1780 76 1848 247
person 0.9 1817 81 1875 241
person 0.56 1880 86 1923 274
