person 0.93 2 155 74 289
person 0.92 65 179 189 476
person 0.3 68 169 154 311
person 0.69 118 174 222 474
person 0.3 137 148 216 235
person 0.99 187 74 400 870
person 0.63 321 63 396 238
person 0.91 374 120 442 344
person 1.0 424 199 605 796
person 0.92 437 70 498 230
person 0.41 502 32 571 174
person 0.53 515 10 570 304
person 0.98 533 79 591 282
handbag 0.97 538 322 625 489
handbag 0.3 661 122 695 174
person 0.99 666 43 734 254
handbag 0.72 756 104 806 173
person 0.87 757 72 826 250
person 0.95 786 66 885 306
backpack 0.39 824 127 869 196
person 0.25 868 94 917 263
person 0.43 890 81 957 245
person 0.92 924 95 1014 342
backpack 0.32 937 155 993 223
backpack 0.28 940 131 1013 239
person 0.96 1003 92 1080 332
person 0.56 1058 72 1120 248
person 0.97 1104 74 1176 299
person 0.99 1194 76 1267 250
person 1.0 1273 67 1343 257
person 0.86 1337 202 1473 559
person 1.0 1409 225 1667 611
backpack 0.59 1458 303 1551 425
person 0.99 1629 166 1759 435
person 0.74 1635 89 1721 267
handbag 0.28 1705 199 1753 238
person 0.99 1752 143 1835 348
person 0.92 1880 96 1919 393
