person 0.98 -1 145 76 293
person 0.99 66 149 165 299
backpack 0.81 180 231 250 300
person 0.98 690 65 752 240
person 0.94 757 113 829 322
person 0.98 785 203 893 517
person 0.83 814 64 871 238
person 0.97 864 80 928 243
person 0.99 909 121 999 373
backpack 0.32 925 171 984 240
person 0.68 944 74 1002 187
person 0.97 997 100 1065 362
person 0.93 1090 77 1160 237
person 0.97 1100 189 1189 428
person 1.0 1145 208 1326 619
person 0.88 1150 72 1201 232
person 0.92 1225 86 1288 221
person 0.99 1320 188 1422 519
person 1.0 1420 217 1539 542
person 0.3 1505 189 1544 250
person 1.0 1528 197 1627 526
person 0.68 1578 171 1640 306
person 0.86 1602 151 1663 335
person 0.99 1640 162 1775 604
person 0.99 1765 206 1902 556
backpack 0.41 1855 269 1913 375
