person 0.95 2 182 114 471
person 0.33 3 294 67 1038
backpack 0.38 23 220 112 325
person 0.96 80 152 167 288
backpack 0.42 187 230 248 300
person 0.96 303 184 379 401
handbag 0.57 316 258 372 302
person 0.75 336 181 439 428
person 0.8 365 78 431 233
person 0.99 417 195 701 870
handbag 0.43 486 458 639 553
person 0.99 490 72 551 290
person 0.33 587 66 659 194
person 0.93 602 94 669 275
person 0.97 653 60 726 241
person 0.99 747 69 814 257
handbag 0.33 749 103 800 169
person 0.98 808 76 876 296
backpack 0.28 849 115 898 189
person 0.36 862 89 915 278
person 0.73 894 99 951 263
person 0.98 938 96 1003 345
person 0.75 963 66 1032 247
person 0.98 1034 71 1125 351
person 0.86 1106 66 1161 292
person 0.97 1152 72 1212 242
person 0.99 1222 77 1290 248
person 0.96 1285 69 1351 257
person 1.0 1438 65 1501 256
person 0.3 1875 47 1923 270
