person 0.98 1 148 74 292
person 0.97 71 145 145 297
person 0.93 129 116 230 363
handbag 0.25 186 269 270 375
person 0.8 217 141 318 454
person 0.99 357 195 478 472
person 0.99 630 75 704 244
person 0.55 713 60 773 242
person 0.37 728 57 824 321
person 0.77 740 113 854 422
backpack 0.56 742 190 814 296
person 0.26 790 74 851 183
person 0.98 812 181 949 535
person 0.38 812 133 868 350
backpack 0.94 842 244 937 360
person 0.85 857 76 929 234
person 0.97 901 123 994 351
backpack 0.95 914 279 1086 482
person 1.0 925 273 1365 1023
person 0.78 925 191 1157 662
person 0.53 936 79 1009 182
handbag 0.44 989 401 1188 762
person 0.92 992 96 1058 288
person 0.68 1175 191 1330 399
person 0.92 1222 86 1290 221
person 1.0 1315 187 1425 519
person 0.99 1420 217 1537 535
person 0.93 1513 229 1597 525
person 0.99 1637 191 1763 573
handbag 0.64 1637 416 1718 508
person 0.99 1761 202 1905 557
backpack 0.42 1851 271 1914 373
