person 0.98 -1 150 76 294
person 0.99 67 149 167 300
backpack 0.74 180 231 250 300
person 1.0 523 139 660 367
person 0.88 736 67 798 255
person 0.86 757 92 812 276
person 0.78 786 171 908 540
person 0.64 792 106 852 267
backpack 0.83 824 244 914 370
person 0.93 863 78 928 241
person 0.61 900 80 955 241
person 0.97 908 158 1003 447
person 0.66 941 82 1005 236
person 0.97 993 111 1058 325
backpack 0.36 1006 145 1054 214
person 1.0 1132 193 1279 641
person 0.98 1147 77 1223 255
person 0.96 1218 91 1291 226
handbag 0.57 1303 334 1349 423
person 0.99 1317 187 1425 530
person 0.52 1372 92 1427 220
handbag 0.39 1408 494 1532 576
person 0.96 1409 213 1510 540
person 1.0 1496 204 1614 544
person 0.98 1506 74 1576 241
handbag 0.93 1625 415 1724 516
person 0.92 1678 195 1807 568
backpack 0.78 1745 247 1840 366
person 0.44 1867 84 1921 279
