person 0.99 1 151 81 293
person 0.98 74 145 159 301
person 0.38 142 172 205 308
person 0.96 162 207 294 454
handbag 0.5 278 366 338 439
person 0.64 312 112 378 322
person 0.99 339 141 507 531
person 0.65 366 64 435 186
handbag 0.9 469 363 559 463
person 0.89 497 71 559 246
person 0.78 528 73 601 251
person 0.99 545 149 647 392
person 0.32 593 76 656 187
person 0.97 652 52 738 248
handbag 0.4 752 106 802 166
person 0.98 760 64 827 256
person 0.37 811 71 867 242
person 0.95 816 184 961 525
person 0.52 854 79 916 238
backpack 0.65 858 244 950 357
person 0.88 908 75 973 237
person 0.44 954 80 1006 239
person 0.94 982 115 1055 346
person 0.27 1029 69 1067 146
person 0.92 1049 91 1142 344
person 0.75 1127 80 1178 290
person 0.86 1168 69 1222 242
person 0.93 1207 71 1267 235
person 0.93 1219 191 1342 527
person 0.28 1245 75 1294 224
person 0.95 1304 191 1398 510
handbag 0.32 1414 331 1458 389
person 1.0 1428 206 1527 508
person 1.0 1536 196 1671 528
person 0.96 1778 84 1843 241
person 0.77 1822 86 1883 241
person 0.45 1873 93 1919 264
