person 0.97 -1 150 76 293
person 0.99 65 148 167 299
backpack 0.82 179 231 250 300
person 0.98 394 202 470 448
person 0.65 747 78 812 235
handbag 0.28 750 114 795 188
person 0.69 759 78 874 284
person 0.98 795 207 898 519
person 0.99 861 72 934 244
person 0.98 927 114 1000 373
backpack 0.26 940 123 1004 253
person 0.25 940 84 1005 236
person 0.9 1001 99 1069 341
person 0.96 1128 144 1209 343
person 1.0 1142 204 1326 617
person 0.76 1145 78 1222 233
person 0.72 1208 69 1269 235
person 0.98 1292 55 1364 248
person 1.0 1321 180 1417 525
handbag 0.46 1409 511 1533 574
person 1.0 1420 219 1538 537
person 0.99 1525 187 1629 540
handbag 0.68 1580 379 1683 490
suitcase 0.28 1582 358 1685 479
person 0.99 1626 186 1751 564
person 1.0 1764 204 1902 558
backpack 0.55 1855 271 1915 373
