person 0.98 3 162 162 442
person 0.94 79 153 169 288
backpack 0.71 181 229 249 300
person 1.0 266 90 360 322
person 0.74 519 99 572 324
person 0.44 543 53 608 259
person 0.95 596 187 655 411
person 0.46 609 81 678 236
person 0.99 756 68 820 240
person 1.0 757 144 876 579
person 0.74 819 88 878 236
person 0.75 865 74 921 248
person 0.62 890 73 954 247
person 0.99 909 185 1049 524
person 0.7 949 74 1011 185
person 0.78 993 109 1067 268
person 0.97 1149 92 1206 257
person 1.0 1188 219 1356 596
person 0.97 1221 85 1292 232
person 1.0 1332 178 1418 537
person 0.97 1405 180 1513 540
person 0.99 1495 198 1620 553
person 0.98 1505 75 1577 244
handbag 0.81 1605 410 1713 521
person 1.0 1658 194 1828 582
person 0.97 1838 214 1920 507
