person 0.36 -1 141 31 511
person 0.84 5 153 68 286
person 0.99 38 167 216 507
person 0.56 82 152 161 234
person 1.0 187 179 330 463
person 0.31 322 140 403 286
person 1.0 332 193 454 520
person 0.94 360 70 428 237
handbag 0.97 409 395 486 485
person 0.98 483 110 556 355
person 0.86 513 56 575 191
person 0.97 582 54 653 256
person 0.98 676 51 750 252
person 0.76 750 72 818 250
handbag 0.47 750 104 801 162
person 0.98 803 71 879 287
person 0.93 890 92 961 259
person 0.99 950 97 1043 341
backpack 0.5 964 146 1025 217
person 0.27 998 70 1037 148
person 0.44 1041 65 1105 190
person 0.99 1044 94 1140 348
person 0.34 1097 104 1149 316
person 0.52 1114 88 1168 233
person 0.99 1161 66 1215 247
person 0.99 1209 117 1273 345
person 0.7 1243 61 1302 189
person 0.98 1288 90 1353 285
person 0.93 1497 84 1552 240
person 0.98 1635 79 1691 255
handbag 0.39 1659 109 1697 160
backpack 0.37 1659 109 1697 160
person 0.99 1776 86 1856 239
person 0.8 1874 81 1923 276
