person 0.98 0 149 77 294
person 0.99 72 148 170 301
backpack 0.79 179 230 250 300
person 0.99 693 182 763 413
backpack 0.57 774 134 810 199
person 0.93 789 90 852 286
person 0.99 824 190 933 528
backpack 0.28 845 237 922 365
person 0.9 860 85 931 220
backpack 0.37 900 205 974 394
person 0.97 911 178 988 468
person 0.74 938 78 1004 239
person 0.92 999 115 1060 326
person 1.0 1131 194 1280 634
person 0.93 1158 79 1215 250
person 0.96 1223 89 1288 222
handbag 0.43 1300 334 1348 423
person 0.99 1316 187 1425 529
person 0.98 1406 205 1513 547
person 1.0 1495 187 1621 542
person 0.97 1504 74 1574 246
handbag 0.87 1594 391 1679 503
person 0.99 1624 190 1766 562
handbag 0.31 1733 330 1798 428
person 0.99 1769 205 1894 548
backpack 0.6 1861 277 1916 366
