person 0.84 1 149 78 279
person 0.98 3 203 86 510
person 0.82 77 152 162 276
backpack 0.46 87 244 163 358
person 0.95 107 202 208 514
backpack 0.33 135 240 215 364
person 0.97 183 170 291 467
person 0.5 223 147 329 407
person 1.0 417 159 565 626
person 0.43 449 60 511 200
person 0.82 493 63 565 245
person 0.53 539 75 594 233
handbag 0.25 553 226 592 274
person 0.97 560 162 639 378
person 1.0 640 151 802 620
person 0.9 649 95 710 267
person 0.61 697 63 752 195
person 0.98 747 50 813 247
person 0.99 818 91 884 273
backpack 0.49 821 116 860 187
person 0.36 851 85 905 273
person 0.29 856 160 937 556
person 1.0 876 140 1020 584
person 0.78 902 74 971 229
person 0.26 938 76 996 232
backpack 0.51 1116 111 1178 195
person 0.98 1129 70 1211 285
person 1.0 1175 191 1333 629
person 0.75 1207 65 1265 248
person 0.69 1257 83 1324 236
person 0.58 1295 99 1351 260
handbag 0.31 1323 152 1363 201
person 0.98 1324 179 1421 540
person 0.98 1400 187 1501 534
handbag 0.29 1409 510 1531 576
suitcase 0.32 1410 496 1535 575
person 0.38 1441 194 1528 519
person 0.32 1468 207 1531 394
person 0.97 1491 73 1552 248
handbag 0.31 1507 103 1549 172
handbag 0.37 1522 135 1552 170
person 1.0 1525 203 1640 512
handbag 0.78 1548 410 1667 511
suitcase 0.3 1548 410 1667 511
person 0.99 1621 199 1763 557
handbag 0.38 1722 340 1803 431
person 1.0 1724 216 1893 543
car 0.35 1855 262 1912 387
