person 0.33 0 148 72 231
person 0.43 2 164 62 315
person 0.98 20 189 137 514
backpack 0.84 68 253 154 356
person 0.6 81 155 141 229
person 1.0 138 180 244 467
backpack 0.4 183 223 255 315
person 0.91 671 75 729 235
person 0.82 694 70 751 237
person 0.99 747 68 806 243
person 0.96 812 95 879 266
backpack 0.29 823 115 871 188
person 0.45 868 195 927 399
person 0.38 871 83 925 223
person 1.0 876 160 1017 563
person 0.51 897 88 955 213
person 0.41 930 99 969 194
person 0.94 956 89 1026 224
person 0.69 1146 124 1208 305
person 0.55 1163 68 1223 248
person 1.0 1176 185 1333 634
person 0.9 1216 85 1271 241
person 0.7 1243 91 1299 228
person 0.98 1327 178 1426 535
person 0.26 1365 90 1419 226
suitcase 0.36 1409 492 1534 577
person 0.98 1415 174 1524 552
person 0.98 1506 76 1573 248
person 1.0 1525 201 1650 549
handbag 0.7 1572 402 1675 520
suitcase 0.35 1573 384 1677 516
person 0.99 1638 188 1764 563
handbag 0.27 1713 300 1787 424
person 0.99 1728 200 1843 552
person 0.75 1814 202 1903 447
backpack 0.41 1819 234 1896 374
