person 1.0 6 166 140 475
person 0.95 88 151 169 291
person 1.0 275 164 357 450
person 0.3 304 126 387 297
person 0.5 355 70 428 236
person 0.99 384 124 498 482
person 0.52 448 103 517 265
person 0.95 524 118 594 363
person 0.43 566 55 623 194
person 0.93 629 70 698 251
person 0.99 692 59 757 247
person 0.94 752 72 824 252
person 0.99 818 193 960 521
person 0.61 828 83 908 268
backpack 0.44 881 247 959 361
person 0.85 897 83 969 236
person 0.97 981 117 1051 325
person 0.71 1056 82 1118 229
person 0.83 1060 215 1205 613
handbag 0.66 1103 317 1199 458
backpack 0.54 1103 317 1199 458
person 0.99 1125 73 1186 240
person 0.72 1171 68 1223 241
person 0.9 1196 73 1250 242
person 0.97 1243 74 1305 240
person 0.99 1299 196 1398 456
person 0.87 1372 185 1431 457
person 0.95 1419 193 1524 419
person 0.26 1427 160 1492 268
person 0.97 1780 85 1846 241
person 0.81 1819 84 1881 242
person 0.66 1871 95 1918 263
