person 0.96 -1 150 75 293
person 0.99 68 149 167 299
person 0.98 212 182 325 460
person 0.61 237 33 302 220
person 0.92 297 183 398 458
person 0.48 358 86 429 228
person 0.99 373 164 484 475
person 0.67 437 76 514 192
person 0.97 464 130 561 392
person 0.86 506 88 578 224
person 0.97 642 121 723 349
handbag 0.33 643 134 721 308
person 0.58 662 56 735 246
handbag 0.74 696 246 729 312
person 0.93 754 73 815 251
handbag 0.45 756 106 802 166
person 0.98 804 75 877 300
person 0.28 862 69 913 254
person 0.72 897 90 958 259
person 0.98 966 114 1044 299
person 0.96 973 187 1125 537
backpack 0.45 1006 152 1052 225
person 0.31 1022 71 1059 146
person 0.32 1041 72 1105 181
person 0.44 1089 130 1158 296
person 0.43 1106 67 1163 185
person 0.96 1133 171 1242 496
person 0.79 1153 72 1219 232
person 0.96 1218 65 1288 244
person 0.84 1275 73 1335 245
person 0.97 1778 86 1854 238
person 0.54 1872 59 1923 261
