person 0.97 3 151 76 290
person 0.99 59 192 171 456
person 0.46 86 152 163 231
person 0.99 127 188 257 454
person 0.91 347 151 569 1052
person 0.42 360 66 417 193
person 0.76 394 74 478 196
person 0.99 477 137 794 1075
backpack 0.96 648 293 827 578
person 0.99 654 71 727 256
person 0.63 724 56 777 251
handbag 0.63 752 105 806 164
person 0.89 753 66 818 251
person 0.71 796 77 843 245
person 0.86 830 185 959 538
person 0.95 842 93 915 280
backpack 0.83 857 251 949 366
person 0.76 905 88 961 241
person 0.93 976 115 1052 346
person 0.54 1041 66 1120 186
person 0.98 1045 92 1142 346
backpack 0.28 1048 128 1113 246
backpack 0.64 1069 152 1119 224
person 0.4 1106 113 1165 307
person 0.47 1119 84 1179 231
person 0.97 1163 64 1234 241
person 0.53 1227 75 1279 238
person 0.66 1257 97 1326 260
person 0.94 1280 166 1391 365
person 0.94 1774 85 1845 241
person 0.95 1803 85 1876 243
person 0.61 1874 65 1920 258
