person 0.98 2 151 74 292
person 0.8 75 152 147 289
person 0.52 88 196 193 518
person 0.84 138 189 322 532
backpack 0.54 223 231 325 380
handbag 0.31 223 231 325 380
person 0.91 231 162 322 318
person 0.98 392 123 460 344
person 1.0 451 146 532 375
person 1.0 597 56 662 251
person 0.99 655 52 730 254
handbag 0.45 752 116 802 181
person 0.98 754 74 820 277
person 0.98 792 209 897 517
backpack 0.4 806 254 892 354
person 0.81 808 97 870 263
person 0.97 870 75 929 247
person 0.99 931 118 1005 371
person 0.42 940 77 1007 236
backpack 0.48 975 169 1016 235
person 0.33 1001 91 1062 232
person 0.76 1007 101 1074 336
person 0.88 1050 52 1111 252
person 0.98 1140 76 1209 248
person 1.0 1143 207 1328 616
person 0.92 1223 84 1286 220
person 0.33 1273 95 1332 219
person 0.62 1294 106 1353 251
person 1.0 1316 189 1427 516
person 0.9 1346 83 1409 232
person 1.0 1428 218 1547 541
person 0.99 1532 208 1655 545
handbag 0.85 1547 410 1669 519
person 0.29 1611 203 1649 267
person 0.99 1633 186 1762 567
person 0.98 1761 207 1899 550
person 0.4 1809 191 1854 248
person 0.28 1813 193 1890 280
person 0.52 1827 132 1896 248
backpack 0.59 1854 274 1916 371
person 0.26 1868 114 1915 265
