person 0.98 -1 150 76 293
person 0.99 66 149 168 297
backpack 0.66 179 230 249 301
person 1.0 490 63 641 257
person 0.87 762 95 822 277
person 0.52 790 96 858 272
person 0.68 792 184 909 535
backpack 0.77 819 247 912 367
person 0.98 862 80 932 238
backpack 0.54 908 214 996 318
person 0.94 924 152 1006 436
person 0.69 938 80 1007 237
person 0.98 997 102 1065 332
person 1.0 1129 192 1282 639
person 0.96 1153 94 1213 257
person 0.96 1219 90 1288 231
person 1.0 1303 194 1418 527
handbag 0.47 1305 336 1352 425
person 0.52 1375 88 1425 228
person 0.99 1407 220 1511 535
handbag 0.36 1410 511 1528 575
person 0.98 1505 75 1575 246
person 0.99 1510 192 1631 539
handbag 0.95 1626 409 1730 511
person 0.89 1674 199 1807 566
backpack 0.84 1742 245 1840 366
person 0.52 1866 84 1920 281
