person 0.99 0 151 75 292
person 1.0 72 149 167 297
person 0.27 111 49 1404 343
person 0.98 175 159 278 452
handbag 0.46 211 336 277 392
person 0.9 364 69 429 238
person 0.99 397 186 493 453
person 0.93 449 48 542 312
person 0.99 551 123 619 372
person 0.99 620 202 703 439
person 0.97 655 42 727 251
handbag 0.48 747 105 804 168
person 0.9 749 61 818 258
person 0.43 799 62 850 253
person 0.99 817 203 963 522
person 0.79 838 84 917 277
backpack 0.28 839 77 914 243
person 0.87 902 84 973 242
backpack 0.53 967 138 1041 230
person 0.9 980 98 1051 344
person 0.95 1048 86 1143 347
person 0.7 1108 98 1162 319
person 0.56 1160 69 1215 246
person 0.94 1201 63 1267 253
person 0.91 1265 78 1324 243
person 0.94 1778 86 1846 239
person 0.93 1801 178 1909 436
person 0.83 1820 87 1886 233
person 0.29 1876 72 1917 247
