person 0.96 2 150 77 295
person 0.54 42 142 108 301
person 0.32 77 151 116 228
person 0.99 87 167 198 467
person 1.0 227 165 345 478
person 1.0 339 155 482 446
person 0.27 383 100 462 267
person 1.0 488 196 599 477
person 0.98 536 69 614 242
handbag 0.68 566 360 613 444
person 0.61 612 67 672 240
person 0.98 630 66 702 250
person 0.97 737 57 806 252
handbag 0.45 754 105 803 165
person 0.99 800 71 877 297
person 0.42 867 68 915 250
person 0.79 894 70 964 252
person 0.3 957 82 1024 239
person 0.93 965 107 1037 332
handbag 0.45 1006 142 1044 218
backpack 0.27 1008 157 1047 223
person 0.53 1036 70 1106 244
person 0.95 1059 119 1136 360
person 0.39 1109 78 1169 242
person 0.82 1169 61 1217 251
person 0.87 1194 103 1260 309
person 0.43 1221 58 1279 196
person 0.92 1434 78 1483 241
person 0.92 1668 194 1907 579
backpack 0.4 1694 301 1791 410
person 0.94 1740 101 1819 256
backpack 0.38 1783 125 1823 177
person 0.78 1787 212 1901 553
person 0.61 1800 80 1864 191
