person 0.98 -1 150 79 293
person 1.0 68 148 167 299
backpack 0.72 181 231 252 300
person 0.95 371 94 428 254
person 0.81 448 200 551 441
person 0.94 539 76 597 273
person 0.73 597 63 648 248
person 0.98 634 102 723 339
person 0.28 674 63 705 125
person 0.91 707 60 770 242
person 0.89 755 68 815 251
person 0.98 802 71 873 306
person 0.94 892 70 959 257
person 0.98 949 99 1018 346
person 0.96 1029 93 1122 348
person 0.3 1043 68 1110 245
person 0.82 1112 76 1176 287
person 0.85 1159 72 1218 244
person 0.96 1175 73 1283 298
person 0.85 1272 72 1333 253
person 0.98 1623 80 1698 250
