person 0.98 -1 147 77 296
person 0.6 54 147 127 298
person 0.99 100 145 246 406
handbag 0.44 180 199 250 299
backpack 0.42 189 225 247 298
person 0.99 302 71 395 305
person 0.41 519 77 573 297
person 0.27 537 45 606 164
person 0.68 538 106 592 315
person 0.66 601 81 669 234
person 0.98 604 179 660 396
person 0.99 683 68 758 236
person 1.0 731 151 834 565
person 0.98 753 67 832 236
backpack 0.58 824 116 863 186
person 0.9 839 84 899 266
person 0.88 886 75 955 244
person 0.99 907 181 1042 522
person 0.8 949 74 1018 245
person 0.63 996 109 1066 266
person 0.97 1147 91 1208 256
person 1.0 1188 217 1356 596
person 0.96 1220 86 1291 236
person 0.99 1329 176 1422 539
person 0.98 1402 179 1514 540
person 0.99 1495 197 1619 529
person 0.98 1505 74 1575 247
handbag 0.82 1609 410 1712 485
person 1.0 1645 199 1825 572
handbag 0.28 1794 365 1854 439
person 0.91 1842 188 1911 521
