person 0.94 0 153 78 289
person 0.99 69 148 169 300
backpack 0.59 183 232 245 297
person 1.0 210 196 377 497
person 0.52 357 75 434 227
person 1.0 367 186 467 464
person 0.41 369 68 466 309
person 0.87 444 122 515 315
person 0.67 502 40 568 150
person 0.82 507 111 575 320
person 0.29 528 51 573 132
person 0.8 532 112 602 352
person 0.81 582 58 662 191
person 0.98 585 148 690 448
person 0.53 644 70 705 235
person 0.94 735 71 807 248
person 0.97 762 176 866 458
person 0.8 798 66 897 314
person 0.84 899 81 968 247
person 0.27 960 62 1028 146
person 0.96 966 108 1044 336
backpack 0.29 1012 157 1047 223
person 0.51 1036 62 1104 151
person 0.97 1039 101 1134 344
person 0.57 1109 76 1166 246
person 0.97 1158 68 1220 247
person 0.97 1215 67 1290 247
person 0.88 1277 74 1337 250
person 0.87 1776 86 1853 238
person 0.83 1789 75 1899 295
person 0.37 1877 98 1921 267
