person 0.92 2 191 112 475
person 0.38 4 143 79 236
backpack 0.25 56 257 105 325
person 0.98 82 147 170 291
backpack 0.95 180 232 246 300
person 0.99 227 187 347 413
person 0.97 369 61 431 255
person 1.0 587 70 658 310
person 0.97 722 58 780 246
person 0.76 751 69 820 250
person 0.98 791 204 899 517
person 0.65 799 74 867 244
person 0.96 856 76 914 246
person 0.95 906 104 994 374
person 0.36 910 78 977 241
person 0.33 964 64 1017 192
person 0.95 992 110 1069 335
person 0.92 1055 48 1120 257
person 0.92 1127 66 1190 247
person 1.0 1142 174 1257 539
person 0.76 1200 68 1258 251
person 0.83 1253 92 1317 281
handbag 0.64 1274 180 1323 223
handbag 0.53 1367 337 1399 386
person 0.9 1374 198 1482 512
person 0.99 1419 212 1532 540
person 0.84 1496 116 1572 254
person 0.99 1524 184 1629 538
person 0.45 1525 209 1572 285
handbag 0.31 1550 269 1628 372
handbag 0.56 1569 428 1649 508
person 0.83 1574 142 1649 282
person 0.99 1594 176 1925 867
person 1.0 1603 179 1770 589
