person 0.32 5 150 52 442
person 0.95 19 168 139 442
person 0.76 91 156 166 286
backpack 0.25 110 217 157 304
backpack 0.77 185 229 244 300
person 0.99 221 193 318 497
person 0.91 309 229 378 432
person 1.0 447 167 526 424
person 0.98 558 70 614 239
person 0.97 605 47 686 258
person 0.41 638 67 709 246
person 0.96 705 75 757 237
person 0.92 759 71 819 234
person 0.5 782 126 874 410
person 0.99 811 185 947 532
person 0.52 823 72 878 185
backpack 0.84 844 253 934 355
person 0.95 871 76 931 231
person 0.95 925 119 1003 365
backpack 0.55 935 139 1008 247
person 0.62 940 83 1004 175
person 0.91 996 104 1059 358
person 0.93 1056 76 1106 238
person 0.99 1145 209 1328 618
person 0.94 1225 83 1287 222
person 1.0 1318 181 1423 524
person 0.82 1322 209 1636 851
backpack 0.71 1411 286 1575 491
person 0.85 1431 200 1536 353
handbag 0.72 1490 381 1703 670
person 1.0 1507 230 1803 966
person 0.28 1525 208 1571 259
person 0.64 1564 188 1658 302
person 0.96 1650 161 1753 321
person 1.0 1768 198 1902 564
backpack 0.65 1853 272 1915 372
