person 0.95 1 151 73 289
person 0.99 73 147 165 297
person 0.88 188 133 252 335
person 1.0 223 179 347 473
person 0.55 331 158 416 440
person 0.51 379 59 440 204
person 1.0 391 189 499 459
person 0.95 448 54 506 247
person 0.96 514 106 589 357
person 0.27 547 96 602 343
person 0.71 569 41 624 264
person 0.94 623 60 704 252
person 0.95 698 64 759 241
handbag 0.32 750 102 800 164
person 0.96 757 68 832 253
person 1.0 793 159 1001 778
person 0.63 808 66 874 246
person 0.46 817 304 970 583
person 0.68 832 83 907 226
person 0.9 897 82 977 245
person 0.99 979 125 1049 342
person 0.98 1057 115 1124 353
person 0.86 1121 74 1178 295
person 0.49 1155 67 1207 247
person 0.89 1202 69 1268 248
person 0.48 1242 131 1310 298
person 0.8 1269 188 1342 411
person 0.99 1344 190 1445 427
person 0.75 1350 146 1430 229
person 1.0 1617 224 1917 713
backpack 0.97 1671 284 1807 470
person 0.95 1779 84 1847 238
person 0.72 1813 85 1882 234
person 0.54 1874 73 1916 252
