person 0.97 -1 149 75 292
person 0.99 66 147 169 300
backpack 0.82 180 230 249 299
person 0.99 325 62 415 289
person 0.98 405 44 491 275
person 1.0 483 45 553 272
backpack 0.68 601 95 651 142
person 0.97 602 66 666 254
backpack 0.41 652 118 686 176
handbag 0.27 652 118 686 176
person 0.92 673 86 754 240
person 1.0 673 172 792 580
person 0.76 766 120 834 248
backpack 0.25 776 138 828 213
person 0.68 784 66 855 187
person 0.83 785 195 901 532
backpack 0.28 807 245 894 364
backpack 0.54 841 238 919 366
person 0.75 870 79 933 234
person 0.37 885 217 946 420
person 0.9 934 90 1014 382
person 0.29 944 77 1006 241
person 0.83 999 103 1061 336
backpack 0.26 1027 144 1066 211
person 0.89 1088 91 1147 242
backpack 0.49 1104 121 1145 175
person 1.0 1132 203 1278 630
person 0.94 1155 81 1227 241
person 0.95 1223 85 1290 233
handbag 0.63 1295 337 1352 423
handbag 0.25 1300 213 1417 452
person 0.99 1316 183 1430 529
person 0.97 1405 184 1513 533
handbag 0.36 1410 512 1530 574
person 0.98 1513 184 1632 543
person 0.93 1568 71 1640 251
handbag 0.85 1583 392 1666 494
handbag 0.45 1600 123 1640 172
person 0.98 1629 168 1751 558
handbag 0.25 1716 285 1786 433
person 0.92 1722 214 1833 540
backpack 0.69 1788 279 1861 364
person 0.28 1869 57 1920 262
