person 0.9 1 160 80 451
person 1.0 76 105 453 1091
backpack 0.94 277 272 504 617
person 0.51 354 73 410 245
person 0.93 368 91 465 329
handbag 0.89 439 224 483 300
person 0.99 509 104 582 355
person 0.99 653 61 731 262
person 0.4 707 64 762 250
handbag 0.6 745 105 803 164
person 0.96 750 71 816 251
person 0.5 794 71 845 245
person 0.62 817 174 958 538
person 0.65 845 93 917 269
backpack 0.79 856 249 948 363
person 0.77 900 81 962 242
person 0.27 959 90 1017 230
person 0.89 976 115 1052 345
person 0.98 1046 93 1139 349
person 0.33 1051 72 1123 181
backpack 0.39 1077 153 1121 226
person 0.75 1119 73 1176 293
person 0.8 1162 72 1211 251
person 0.88 1206 76 1260 245
person 0.96 1256 77 1322 242
person 0.69 1324 116 1388 250
person 0.83 1345 193 1424 392
person 0.95 1776 87 1849 241
person 0.27 1804 97 1872 250
person 0.58 1873 66 1919 257
