person 0.32 3 163 55 440
person 0.76 6 175 129 477
backpack 0.64 38 239 130 352
person 0.83 51 172 196 486
backpack 0.75 72 243 168 355
person 0.59 96 158 174 277
person 0.7 159 115 224 301
person 0.99 192 159 337 452
handbag 0.48 252 222 318 326
handbag 0.31 275 249 322 331
person 0.9 362 71 413 249
person 0.73 400 68 490 343
person 0.86 466 140 554 390
person 0.8 493 34 562 230
bicycle 0.3 595 153 637 235
bicycle 0.38 613 121 677 251
person 0.99 617 44 685 256
handbag 0.53 752 104 801 164
person 0.97 758 67 823 259
person 0.31 801 77 851 239
person 0.96 828 203 926 507
person 0.97 841 80 902 243
backpack 0.82 849 249 935 359
person 0.95 899 78 967 253
person 0.5 958 82 1027 235
person 0.88 965 84 1049 353
backpack 0.31 1048 91 1114 277
person 0.95 1049 70 1137 344
person 0.97 1101 222 1301 782
person 0.9 1118 57 1176 299
person 0.82 1169 70 1224 245
person 0.58 1207 70 1276 237
person 0.96 1256 71 1322 248
person 1.0 1286 131 1513 924
person 0.97 1761 85 1839 246
person 0.44 1800 85 1862 237
person 0.46 1877 80 1923 282
