person 0.98 3 154 67 311
person 0.59 75 150 145 289
person 0.84 80 180 187 464
person 0.94 116 181 244 468
backpack 0.39 180 222 255 331
person 0.43 364 65 418 235
person 0.98 373 190 468 463
handbag 0.3 388 349 444 400
person 0.62 396 122 468 239
person 0.94 443 169 544 470
person 0.94 550 85 647 336
person 0.35 580 43 655 157
person 0.95 658 58 738 251
person 0.46 699 62 758 245
handbag 0.28 745 103 801 170
person 0.93 753 66 824 254
person 0.54 814 91 876 260
person 0.97 818 173 961 531
person 0.7 844 94 910 260
backpack 0.65 856 242 947 355
person 0.81 901 82 967 242
person 0.62 950 76 1001 240
person 0.97 980 117 1051 347
person 0.95 1058 108 1129 358
person 0.91 1122 81 1180 287
person 0.98 1158 158 1311 613
backpack 0.28 1165 214 1305 501
person 0.86 1166 68 1220 248
handbag 0.46 1199 335 1290 435
person 0.95 1236 76 1304 245
handbag 0.72 1432 315 1468 383
person 1.0 1438 201 1543 497
person 1.0 1548 206 1665 481
person 0.98 1779 86 1846 240
person 0.83 1825 86 1880 239
person 0.96 1838 233 1921 428
person 0.41 1874 99 1919 255
