person 0.87 -1 144 192 1059
person 0.89 2 152 72 261
person 0.53 55 169 121 312
person 0.98 96 171 258 479
backpack 0.67 176 226 251 313
person 0.99 325 163 400 371
person 0.63 361 74 429 230
person 0.99 402 184 477 395
handbag 0.47 456 427 543 501
handbag 0.26 458 316 594 507
person 1.0 467 195 716 805
person 0.96 507 71 576 254
handbag 0.36 545 101 582 173
person 0.96 618 80 682 234
person 0.29 653 77 708 232
person 0.97 688 65 743 236
handbag 0.34 744 103 795 169
person 0.97 747 70 810 259
person 0.99 805 77 881 297
person 0.98 890 91 952 264
person 0.96 939 99 1028 343
person 0.97 1030 95 1126 343
person 0.84 1113 77 1174 282
person 0.85 1152 76 1213 240
person 0.98 1220 71 1291 247
person 0.95 1285 73 1350 255
person 1.0 1437 66 1501 259
person 0.43 1872 49 1922 269
