person 0.99 -1 145 80 298
person 0.99 76 145 168 300
handbag 0.8 161 349 213 402
person 0.98 167 204 285 438
person 0.97 379 61 438 261
person 0.99 569 92 650 328
person 0.99 676 56 749 242
person 0.96 753 85 820 268
person 0.99 789 202 895 518
person 0.83 805 85 873 237
backpack 0.49 806 248 892 350
person 0.96 864 74 920 246
person 0.46 911 79 979 239
person 0.99 916 115 991 370
person 0.58 965 64 1030 183
person 0.98 1001 109 1078 358
person 0.96 1070 44 1133 264
person 0.9 1130 71 1211 242
person 1.0 1136 179 1259 531
person 0.95 1202 73 1268 243
person 0.96 1259 83 1330 293
person 0.75 1359 197 1449 505
handbag 0.31 1364 306 1403 390
person 0.99 1418 184 1529 535
person 0.59 1455 130 1536 296
person 1.0 1531 190 1646 536
person 0.64 1552 156 1632 272
handbag 0.45 1582 419 1665 511
person 0.98 1621 192 1774 566
person 0.29 1714 198 1844 568
backpack 0.76 1769 264 1851 373
