person 0.82 2 159 75 278
person 0.78 3 151 78 737
handbag 0.29 27 277 153 497
handbag 0.57 58 354 159 475
person 0.94 74 152 155 289
person 0.99 120 153 263 370
person 0.99 255 179 342 436
handbag 0.41 359 415 426 460
person 0.68 369 63 430 234
person 1.0 380 200 483 501
handbag 0.4 401 108 443 156
person 0.32 436 179 485 233
person 0.99 464 176 566 467
person 0.98 582 39 646 254
person 0.98 645 44 711 250
person 0.82 704 66 752 233
handbag 0.56 744 105 802 168
person 0.94 749 72 819 249
person 0.75 805 70 854 242
person 0.88 815 184 960 529
person 0.86 833 73 935 305
backpack 0.3 842 99 911 217
backpack 0.7 879 250 958 362
person 0.7 906 81 970 238
backpack 0.29 958 114 1033 253
person 0.95 961 75 1045 350
person 0.96 1041 87 1134 345
person 0.98 1120 62 1188 301
person 0.52 1168 66 1218 256
person 0.97 1198 71 1263 246
person 0.98 1255 86 1331 299
person 0.96 1778 89 1845 241
person 0.8 1818 86 1882 241
person 0.67 1871 92 1917 267
