person 0.98 2 169 110 489
backpack 0.59 15 233 108 348
person 0.99 73 152 170 288
backpack 0.64 182 231 247 299
person 1.0 373 107 451 375
person 0.39 408 57 483 198
person 0.99 451 174 548 403
person 0.26 495 72 564 237
person 0.99 533 45 608 254
person 0.99 602 109 675 357
handbag 0.94 639 473 791 579
person 0.99 672 191 808 649
person 0.83 738 66 810 235
person 0.93 797 193 896 524
person 0.8 798 66 863 247
backpack 0.76 802 248 879 359
person 0.51 845 142 913 297
person 0.54 862 75 920 239
person 0.54 904 77 959 247
person 0.76 946 81 999 246
person 0.98 1003 121 1076 375
backpack 0.71 1012 167 1073 239
person 0.95 1070 100 1133 339
person 0.88 1144 85 1206 280
person 0.97 1170 178 1287 541
person 0.82 1205 106 1275 263
handbag 0.55 1257 301 1293 370
suitcase 0.98 1268 633 1655 1052
person 0.78 1268 96 1325 272
person 0.92 1317 104 1380 277
person 0.97 1327 171 1415 495
handbag 0.67 1352 381 1421 509
person 0.94 1375 98 1440 223
person 0.96 1389 165 1524 551
person 0.99 1494 193 1579 527
person 1.0 1555 56 1918 1124
person 0.98 1685 209 1808 333
person 0.82 1772 84 1842 238
person 0.54 1815 141 1886 240
person 0.37 1839 84 1889 161
