person 0.98 -1 165 129 560
person 1.0 57 167 364 582
backpack 0.66 193 226 271 361
handbag 0.31 193 226 271 361
person 0.96 369 59 429 265
backpack 0.29 405 107 439 160
person 0.98 428 171 530 431
person 0.99 494 57 566 251
person 0.31 549 75 1779 324
person 0.98 597 66 672 254
person 0.93 680 64 756 244
backpack 0.31 741 104 795 164
person 0.74 746 73 824 244
person 0.97 788 207 895 515
person 0.65 802 79 875 243
person 0.85 862 75 916 245
person 0.84 907 79 966 244
person 0.98 932 129 1031 354
backpack 0.34 953 152 1019 259
backpack 0.72 971 168 1030 242
person 0.4 978 89 1020 157
person 0.9 1018 122 1093 345
person 0.8 1093 72 1154 243
person 0.86 1153 59 1217 246
person 0.94 1173 175 1276 542
person 0.78 1213 69 1280 236
handbag 0.25 1259 300 1295 371
person 0.55 1321 81 1370 240
person 1.0 1359 246 1543 570
backpack 0.28 1359 329 1395 396
person 0.7 1360 116 1434 259
person 0.87 1366 194 1490 326
handbag 0.66 1426 441 1532 569
person 0.78 1490 166 1566 264
person 0.29 1501 224 1561 428
person 0.91 1531 182 1636 537
suitcase 0.45 1553 413 1615 532
handbag 0.39 1553 413 1615 532
person 0.97 1564 181 1727 584
person 0.34 1573 127 1639 233
person 0.39 1652 76 1718 188
person 0.88 1680 208 1816 550
person 0.57 1784 204 1902 435
person 0.8 1865 192 1918 421
