person 0.97 -1 152 76 292
person 1.0 68 148 167 301
backpack 0.73 182 231 252 300
person 0.98 368 92 429 256
person 0.95 418 211 504 461
person 0.99 502 104 580 329
person 0.39 561 65 637 245
person 0.97 636 152 728 392
person 0.86 646 68 714 192
person 0.93 711 62 787 246
handbag 0.33 738 107 790 165
person 0.68 753 68 818 248
person 0.98 797 75 872 302
person 0.41 861 75 911 244
person 0.88 896 91 960 259
backpack 0.33 954 138 1029 230
person 0.98 956 99 1045 348
person 0.3 961 66 1033 149
person 0.98 1037 89 1126 353
person 0.27 1038 62 1110 151
backpack 0.55 1066 153 1115 227
person 0.66 1107 71 1162 289
person 0.95 1155 69 1217 243
backpack 0.37 1183 99 1218 166
person 0.97 1211 65 1292 248
person 0.9 1275 75 1338 247
person 0.98 1382 162 1501 369
person 0.99 1672 82 1745 247
person 0.26 1878 53 1923 266
