person 0.35 0 168 86 542
backpack 0.49 3 230 72 356
person 0.78 3 159 72 269
person 0.98 69 155 172 490
handbag 0.56 135 362 189 414
person 0.98 206 169 465 869
handbag 0.81 212 380 370 573
backpack 0.27 212 380 370 573
person 0.48 368 57 416 201
person 0.96 377 179 463 461
person 0.92 401 80 478 238
person 0.99 494 80 566 302
person 0.27 500 37 1402 260
person 0.97 559 77 640 334
person 0.99 642 46 710 261
person 0.92 700 62 756 241
person 0.89 760 73 829 250
person 0.36 811 75 872 242
person 0.95 823 194 959 521
person 0.59 846 77 912 236
backpack 0.3 856 234 995 480
person 1.0 867 202 1125 722
person 0.92 901 72 975 233
backpack 0.72 906 313 990 445
person 0.48 989 124 1063 244
person 0.61 1055 80 1120 234
person 0.38 1064 119 1129 301
person 0.93 1118 71 1182 297
person 0.45 1164 66 1218 255
person 0.73 1193 74 1256 246
handbag 0.27 1205 124 1251 179
person 0.92 1233 124 1302 340
person 0.98 1323 152 1425 372
handbag 0.84 1386 190 1429 254
person 0.96 1779 87 1846 239
person 0.84 1820 83 1882 242
person 0.62 1871 91 1917 266
