person 0.93 1 148 77 294
person 0.96 70 147 158 294
person 0.76 116 239 268 811
person 0.99 169 227 547 864
person 0.95 201 136 283 238
backpack 0.34 317 325 452 565
person 0.99 391 139 483 398
person 0.99 500 156 572 384
backpack 0.39 577 217 619 278
handbag 0.58 577 205 622 274
person 1.0 590 165 695 387
person 0.91 643 70 701 233
person 0.92 707 67 785 255
handbag 0.31 722 117 762 179
person 0.96 782 192 908 531
person 0.78 789 78 863 235
backpack 0.31 806 248 889 359
backpack 0.42 840 244 924 361
person 0.82 866 82 931 227
person 0.33 882 166 976 424
person 0.92 930 118 1004 367
backpack 0.49 944 166 994 243
person 0.9 997 110 1060 357
person 1.0 1129 199 1273 624
person 0.96 1157 86 1222 236
person 0.97 1222 85 1291 237
handbag 0.79 1294 337 1350 422
handbag 0.33 1298 305 1374 411
person 1.0 1318 185 1427 530
person 0.33 1376 88 1429 220
person 0.97 1410 211 1510 542
handbag 0.33 1412 510 1528 575
person 0.98 1513 187 1633 541
suitcase 0.26 1575 407 1673 511
handbag 0.87 1577 390 1674 503
person 0.99 1638 208 1753 547
person 0.67 1698 134 1762 237
person 0.97 1729 203 1833 515
backpack 0.86 1808 277 1859 372
