person 0.85 5 147 79 294
person 0.33 88 155 165 329
person 0.74 98 206 236 462
person 0.33 140 39 1379 343
person 0.84 251 123 312 321
handbag 0.61 273 386 328 452
person 0.96 283 185 390 487
handbag 0.39 350 318 396 378
person 1.0 365 165 497 529
person 0.5 376 67 441 182
person 0.48 469 59 521 255
person 0.88 494 87 564 280
suitcase 0.65 526 339 601 437
person 0.62 548 102 630 273
person 1.0 570 175 661 435
person 0.31 605 88 673 228
person 0.97 638 54 706 247
handbag 0.4 752 102 800 169
person 0.98 756 68 826 259
person 0.57 808 76 870 244
person 0.99 817 192 961 522
person 0.57 854 76 911 240
backpack 0.71 879 247 957 364
person 0.86 902 78 965 242
person 0.41 949 77 1005 240
person 0.95 980 120 1059 346
backpack 0.29 996 156 1053 226
person 0.34 1008 59 1049 127
person 0.95 1056 112 1130 359
person 0.78 1123 82 1178 290
person 0.78 1172 71 1220 244
person 0.8 1205 76 1257 231
person 0.92 1209 192 1342 522
person 0.41 1245 84 1298 220
handbag 0.25 1261 232 1339 379
handbag 0.28 1285 267 1360 384
person 0.99 1287 184 1422 521
person 0.99 1438 199 1546 519
person 0.99 1558 199 1697 534
person 0.92 1779 85 1844 243
person 0.69 1814 85 1877 243
person 0.51 1875 90 1919 266
