person 0.98 -1 148 82 296
person 0.89 69 148 163 291
person 0.99 91 216 260 539
person 0.62 183 194 299 466
backpack 0.36 220 214 303 337
handbag 0.25 233 313 298 450
person 0.99 411 187 510 483
person 0.98 744 75 816 240
backpack 0.46 805 114 844 184
person 0.94 818 95 886 273
backpack 0.32 823 116 868 185
person 0.83 844 82 905 278
person 0.31 858 65 896 123
person 1.0 865 185 1001 568
person 0.43 872 73 921 247
person 0.7 898 82 952 229
person 0.93 954 82 1019 237
person 0.99 999 160 1093 449
person 0.97 1039 76 1101 243
backpack 0.27 1048 225 1089 293
person 0.93 1101 91 1169 259
person 1.0 1173 196 1329 627
person 0.54 1181 170 1260 299
person 0.89 1225 84 1288 224
person 0.99 1323 182 1429 533
person 0.4 1364 97 1417 225
person 0.63 1396 169 1458 264
handbag 0.29 1408 513 1531 574
person 0.99 1419 184 1523 539
person 0.99 1506 74 1575 248
person 1.0 1525 194 1638 527
handbag 0.79 1610 402 1682 491
person 0.95 1630 186 1770 564
person 0.97 1739 194 1861 531
backpack 0.47 1807 282 1889 365
handbag 0.34 1807 282 1889 365
