person 0.46 1 151 69 273
person 0.99 5 176 170 477
person 0.95 78 154 168 286
person 0.99 184 203 302 467
person 0.97 365 73 433 249
person 0.98 452 58 532 290
person 0.53 548 72 609 255
person 0.89 579 60 649 297
person 0.97 663 74 733 242
person 0.97 750 74 815 252
person 0.98 803 75 874 295
person 0.57 869 63 927 250
person 0.91 892 68 960 258
person 0.97 944 89 1033 349
backpack 0.35 951 133 1021 236
person 0.27 961 65 1036 193
person 0.97 1032 89 1124 352
person 0.31 1044 65 1112 189
person 0.89 1115 78 1179 286
person 0.51 1158 72 1209 238
person 0.99 1203 56 1282 244
handbag 0.4 1234 296 1283 377
person 0.72 1240 183 1345 418
handbag 0.34 1247 241 1316 399
person 0.58 1271 78 1332 233
person 0.3 1291 70 1348 190
person 1.0 1419 65 1487 249
person 0.29 1877 45 1923 272
