person 0.98 1 151 78 290
person 0.99 69 151 169 295
backpack 0.78 184 230 253 302
person 0.77 336 110 399 304
person 0.99 374 94 471 348
person 0.93 513 110 586 356
person 0.98 585 66 655 253
person 0.97 752 72 818 250
person 0.99 802 71 871 293
person 0.89 896 90 959 259
person 0.96 946 106 1032 340
person 0.97 1035 95 1127 347
person 0.47 1041 66 1110 186
person 0.87 1114 80 1175 285
person 0.88 1159 71 1215 247
person 0.99 1205 55 1276 249
person 0.93 1277 75 1334 250
person 0.9 1340 215 1422 429
suitcase 0.94 1397 325 1472 437
person 0.74 1435 170 1514 365
person 0.82 1482 70 1541 253
