person 0.97 0 149 72 292
person 0.99 66 148 167 297
backpack 0.73 180 230 251 301
person 1.0 510 51 588 261
backpack 0.43 769 132 813 203
person 0.68 771 107 830 298
person 0.82 792 176 908 535
person 0.43 794 100 857 275
handbag 0.38 807 246 899 356
backpack 0.62 821 243 911 369
person 0.9 864 77 927 237
handbag 0.53 909 211 994 319
backpack 0.36 909 211 994 319
person 0.8 921 97 1011 444
person 0.53 947 86 1010 228
person 0.84 991 79 1079 352
person 0.35 1016 86 1081 237
person 0.94 1043 74 1098 241
person 1.0 1132 196 1279 634
person 0.98 1156 82 1217 251
person 0.97 1218 91 1287 229
handbag 0.61 1295 337 1346 422
person 1.0 1318 187 1427 528
person 0.99 1409 206 1511 546
person 0.99 1506 76 1575 246
person 0.99 1512 208 1639 548
handbag 0.74 1571 411 1650 520
suitcase 0.34 1571 411 1650 520
person 0.99 1632 198 1758 556
person 0.58 1691 209 1796 549
backpack 0.92 1746 242 1847 367
person 0.27 1871 83 1921 281
