person 0.84 0 200 64 449
person 0.71 0 153 73 287
person 0.99 73 150 164 292
person 1.0 153 177 264 490
person 0.98 342 212 411 435
person 0.99 478 150 550 400
person 0.76 523 60 573 238
person 0.92 548 52 620 249
person 0.27 585 63 655 243
person 0.97 660 77 729 239
person 0.84 760 71 839 240
person 0.27 784 133 879 407
backpack 0.48 794 178 869 311
person 0.26 796 69 858 192
person 0.29 800 133 874 246
person 0.99 812 187 950 530
backpack 0.96 843 253 944 358
person 0.95 864 76 927 235
person 0.38 907 71 963 236
person 0.98 931 121 1009 360
person 0.41 936 77 1002 180
backpack 0.43 955 168 1007 238
person 0.93 999 108 1069 358
person 0.98 1070 71 1141 252
person 1.0 1149 204 1332 614
person 0.94 1227 80 1287 227
person 1.0 1320 179 1420 524
handbag 0.32 1411 510 1528 576
person 0.99 1416 217 1543 536
person 0.99 1515 217 1634 542
handbag 0.48 1565 425 1677 502
person 0.96 1598 172 1914 901
person 0.43 1601 253 1797 565
backpack 0.5 1604 249 1784 526
person 0.69 1653 166 1757 322
