person 0.95 2 175 85 473
person 0.99 68 177 201 465
backpack 0.49 186 230 249 304
person 0.92 366 96 430 252
person 0.98 503 156 575 394
handbag 0.32 550 213 574 251
person 0.97 599 57 652 260
person 0.99 645 70 704 306
person 0.81 703 60 761 252
person 0.92 744 68 811 256
person 0.98 799 71 873 302
person 0.32 866 68 917 247
person 0.94 890 72 967 259
person 0.97 944 97 1033 346
backpack 0.77 953 137 1027 222
person 0.94 1030 89 1121 349
handbag 0.28 1071 145 1115 212
person 0.72 1107 86 1164 286
person 0.91 1157 71 1219 244
backpack 0.34 1180 100 1218 165
person 0.96 1213 66 1290 249
person 0.81 1273 72 1333 253
person 1.0 1572 84 1650 249
suitcase 0.48 1698 429 1809 516
person 0.97 1771 199 1906 561
