person 0.8 -3 188 41 510
person 0.83 3 154 74 285
person 1.0 73 148 167 300
backpack 0.48 183 230 246 297
person 0.98 344 135 433 392
person 0.87 381 83 457 287
person 0.98 429 179 523 418
person 0.52 440 125 517 252
person 0.54 467 67 525 189
person 0.99 508 45 585 253
person 0.99 578 135 648 394
handbag 0.34 729 105 781 165
person 0.91 742 64 805 247
person 0.99 762 190 904 644
person 0.55 797 75 857 231
handbag 0.67 808 469 932 588
person 0.91 853 76 912 245
person 0.79 904 78 959 239
person 0.69 957 85 1012 239
person 0.94 990 129 1068 365
backpack 0.48 996 169 1061 240
person 0.79 1061 97 1125 343
person 0.41 1108 108 1161 306
person 0.67 1154 86 1215 285
person 0.98 1165 162 1285 548
person 0.35 1198 66 1255 188
person 0.43 1205 128 1282 248
handbag 0.41 1255 298 1292 372
person 0.74 1258 93 1315 224
person 0.93 1310 105 1375 272
person 1.0 1318 178 1431 520
person 0.96 1372 102 1441 218
handbag 0.71 1392 393 1451 508
person 0.99 1416 166 1547 547
person 0.95 1505 179 1588 534
handbag 0.31 1510 231 1575 423
person 0.99 1679 210 1819 550
person 0.84 1775 136 1857 284
person 0.64 1788 83 1835 160
person 0.39 1812 118 1881 260
person 0.29 1833 82 1890 237
person 0.42 1873 98 1917 268
