person 0.98 -1 148 77 293
person 0.99 72 148 170 298
person 0.98 190 143 298 362
person 0.99 330 72 396 295
person 0.99 378 208 475 448
handbag 0.58 463 272 505 342
person 0.99 475 197 579 450
person 0.91 497 93 574 234
person 0.9 618 86 682 290
person 0.72 646 98 700 284
person 0.39 764 109 829 258
backpack 0.56 772 137 826 210
person 0.94 784 194 908 530
person 0.35 810 78 867 227
person 0.42 814 155 885 270
backpack 0.51 839 241 919 359
person 0.7 866 75 926 230
person 0.51 884 191 948 407
person 0.94 941 111 1010 377
backpack 0.27 953 168 1007 242
person 0.75 1004 118 1066 316
person 0.97 1014 216 1187 710
backpack 0.28 1115 306 1194 452
backpack 0.31 1132 250 1262 516
person 0.29 1148 195 1260 402
person 0.84 1167 81 1222 229
person 1.0 1173 165 1420 801
person 0.89 1226 87 1285 214
person 0.75 1338 200 1414 394
person 1.0 1403 170 1508 556
handbag 0.26 1408 512 1529 574
person 0.99 1499 208 1614 541
handbag 0.96 1628 413 1731 510
person 0.79 1641 207 1757 561
handbag 0.38 1704 326 1783 433
person 0.96 1719 205 1841 557
person 0.63 1783 166 1848 274
handbag 0.3 1810 277 1874 359
backpack 0.46 1811 276 1859 369
