person 0.98 3 149 74 294
person 0.99 70 146 160 298
person 0.97 142 178 247 466
handbag 0.81 235 457 349 578
person 0.99 272 164 421 672
person 0.97 363 65 434 250
person 0.98 439 58 527 311
person 0.88 504 42 568 254
person 0.98 531 98 621 341
person 0.28 566 63 625 192
person 0.92 613 55 680 244
person 0.95 676 60 746 242
person 0.97 748 68 817 258
person 0.96 793 202 911 520
person 0.86 806 85 875 243
backpack 0.7 810 249 896 354
person 0.93 865 78 929 243
person 0.54 914 75 962 242
suitcase 0.4 928 558 1046 699
backpack 0.38 928 558 1046 699
person 0.63 947 93 1012 322
backpack 0.89 952 257 1230 696
person 0.95 999 132 1071 339
person 0.99 1035 65 1426 1101
person 0.34 1060 124 1125 305
person 0.72 1072 159 1167 308
person 0.42 1106 61 1176 195
person 0.36 1147 63 1216 187
person 0.28 1179 68 1221 143
person 0.99 1348 196 1449 511
person 0.99 1466 190 1575 530
person 1.0 1598 217 1753 538
person 0.95 1777 82 1846 242
person 0.9 1819 82 1884 244
person 0.56 1871 92 1917 266
