person 0.98 1 151 76 295
person 0.67 48 149 119 297
person 0.96 76 150 211 393
handbag 0.38 151 209 236 291
backpack 0.56 165 217 250 299
person 0.99 295 128 385 362
person 0.97 388 136 487 379
person 0.98 581 67 644 254
handbag 0.46 627 141 665 190
person 0.98 694 67 748 242
person 0.94 746 77 806 250
handbag 0.41 753 122 801 180
person 0.99 786 204 894 518
person 0.74 801 100 876 259
backpack 0.43 804 250 893 355
person 0.89 867 72 924 237
person 0.7 898 74 976 237
person 0.96 928 163 1010 448
person 0.43 933 79 1009 230
person 0.7 1000 93 1067 227
person 0.99 1008 179 1105 462
person 0.88 1138 126 1214 295
person 1.0 1151 201 1318 613
person 0.8 1305 120 1369 295
handbag 0.63 1363 334 1394 391
person 0.97 1365 183 1454 481
person 0.78 1394 75 1457 219
person 1.0 1422 211 1542 549
person 0.94 1530 209 1640 448
suitcase 0.29 1543 413 1660 509
handbag 0.83 1548 395 1660 503
person 0.38 1548 138 1625 239
person 0.99 1603 192 1765 568
person 0.55 1727 176 1829 436
