person 0.96 1 148 74 291
person 0.99 69 148 165 296
backpack 0.82 179 229 248 300
person 0.97 290 88 383 319
person 1.0 356 56 429 258
person 0.91 494 63 556 263
person 1.0 611 73 686 302
person 0.48 669 56 714 256
person 0.96 703 63 759 243
person 0.35 762 61 818 253
person 0.74 773 70 857 351
person 0.97 810 189 950 528
backpack 0.65 857 247 940 359
person 0.94 865 77 928 235
person 0.99 928 117 1007 367
backpack 0.79 934 134 1007 251
person 0.45 939 81 1007 177
person 0.93 998 104 1065 337
person 1.0 1148 218 1331 612
backpack 0.54 1187 111 1229 156
handbag 0.25 1187 111 1229 156
person 0.97 1190 70 1270 246
person 1.0 1320 183 1419 519
person 0.31 1374 93 1430 220
handbag 0.28 1412 513 1528 574
person 1.0 1423 216 1538 534
person 1.0 1519 199 1635 550
handbag 0.78 1587 410 1674 510
person 1.0 1635 191 1769 570
handbag 0.5 1724 297 1798 425
person 0.99 1763 195 1903 561
backpack 0.5 1851 270 1912 373
