person 0.38 1 147 74 229
person 0.38 3 150 61 327
person 0.97 27 191 191 514
backpack 0.79 72 245 168 362
person 0.73 75 151 160 233
person 1.0 146 179 248 471
person 0.92 605 63 662 237
person 0.92 641 50 706 245
person 0.86 708 79 766 240
person 0.93 760 72 830 244
person 0.44 822 92 878 261
backpack 0.48 826 116 863 187
person 0.8 840 177 930 479
person 0.33 860 76 916 191
person 0.97 873 182 1015 571
person 0.62 906 85 959 216
person 0.42 928 174 1035 495
person 0.81 955 83 1031 230
person 0.98 992 169 1086 497
person 0.65 1168 146 1232 288
person 1.0 1174 201 1334 613
person 0.59 1209 76 1288 235
person 1.0 1324 183 1427 529
person 0.28 1367 89 1416 230
handbag 0.34 1410 510 1529 575
person 0.99 1420 190 1526 530
person 0.99 1503 72 1574 259
person 1.0 1528 209 1655 538
handbag 0.52 1614 402 1678 488
person 0.99 1632 189 1764 561
handbag 0.34 1715 298 1788 427
person 0.98 1735 203 1869 549
backpack 0.67 1816 280 1889 354
