person 0.89 2 148 75 285
person 0.98 51 193 187 506
handbag 0.54 63 371 112 446
person 0.28 76 153 144 234
backpack 0.55 125 244 210 352
person 0.86 125 186 244 468
person 0.37 126 173 232 307
backpack 0.43 193 225 247 301
person 0.95 689 167 809 486
handbag 0.6 691 332 747 390
backpack 0.83 713 98 766 164
person 0.74 742 70 805 235
person 0.9 820 94 877 263
person 0.6 856 167 942 547
person 0.26 863 64 893 122
person 0.84 871 78 921 243
person 0.99 879 178 1009 571
person 0.81 901 83 953 227
person 0.27 929 85 971 187
person 0.97 955 83 1028 231
person 0.95 1109 65 1163 262
person 0.74 1149 79 1206 288
person 1.0 1172 189 1336 628
person 0.94 1223 91 1287 230
person 0.99 1324 177 1424 534
person 0.96 1420 186 1520 536
person 0.99 1502 192 1620 533
person 0.91 1504 73 1574 235
person 0.46 1609 224 1667 422
person 0.97 1645 174 1759 580
handbag 0.66 1709 425 1800 502
person 0.98 1728 203 1870 559
backpack 0.46 1817 277 1895 367
