person 0.92 4 150 73 290
person 0.97 8 173 247 1017
person 0.98 70 149 167 295
backpack 0.65 184 231 249 298
person 1.0 231 70 325 302
person 1.0 355 45 426 264
person 0.85 446 61 509 266
person 0.92 470 54 558 308
handbag 0.36 490 89 554 234
person 0.98 702 185 801 470
person 0.3 762 74 834 243
person 0.62 792 116 859 246
person 1.0 796 195 905 512
backpack 0.85 802 248 891 357
person 0.97 864 75 938 243
person 0.3 896 73 966 244
person 1.0 906 120 1000 371
backpack 0.35 918 170 974 237
person 0.45 941 76 1000 185
person 0.98 995 108 1066 355
person 1.0 1148 209 1329 616
person 0.95 1224 84 1290 222
person 1.0 1321 177 1429 523
person 0.53 1375 95 1434 221
handbag 0.48 1410 513 1529 574
person 1.0 1423 213 1540 544
person 0.8 1442 151 1503 258
person 1.0 1528 197 1621 526
handbag 0.9 1562 385 1663 511
person 1.0 1626 189 1769 577
person 1.0 1762 197 1902 562
backpack 0.7 1852 273 1915 372
