person 0.86 1 153 73 287
person 0.67 2 205 49 438
person 0.98 73 148 170 296
person 0.98 177 156 272 425
person 0.97 272 171 395 436
person 0.99 503 70 566 279
person 0.98 610 64 670 246
person 0.97 656 79 729 249
person 0.81 752 81 828 235
person 0.98 767 201 892 512
backpack 0.49 794 245 877 364
person 0.61 808 86 877 227
person 0.93 846 169 950 486
person 0.63 859 76 916 224
person 0.53 915 60 974 194
person 0.9 925 117 1006 376
backpack 0.4 935 140 1011 242
person 0.84 1007 109 1077 355
person 0.98 1070 57 1133 244
person 1.0 1137 204 1319 620
person 0.62 1193 143 1271 274
person 0.37 1229 84 1284 158
person 0.35 1271 106 1331 209
person 0.61 1306 160 1372 378
person 0.99 1349 184 1446 514
handbag 0.31 1412 510 1529 574
person 1.0 1426 200 1543 550
person 0.82 1507 70 1575 242
person 0.99 1531 197 1653 555
handbag 0.77 1573 406 1670 512
person 0.99 1632 186 1749 571
person 0.91 1733 179 1822 426
person 0.99 1802 201 1917 571
