person 0.96 2 150 76 294
person 0.99 73 148 168 302
backpack 0.87 186 232 251 300
person 0.88 259 198 329 419
person 0.83 282 205 384 430
person 0.42 328 212 404 395
person 1.0 342 194 625 898
person 0.95 364 67 434 243
person 0.82 480 109 546 263
person 0.63 558 90 616 287
person 0.99 588 102 654 327
person 0.91 636 64 697 237
person 0.99 751 64 813 258
handbag 0.36 765 103 813 168
person 0.99 808 84 880 289
person 0.29 889 110 952 256
person 0.97 936 102 1006 341
person 0.61 956 65 1030 244
person 0.97 1031 81 1124 346
backpack 0.4 1046 119 1116 247
backpack 0.28 1067 146 1119 212
person 0.93 1109 73 1173 291
person 0.92 1158 73 1214 245
person 0.99 1221 76 1289 245
person 0.97 1283 68 1353 257
person 1.0 1437 66 1500 256
person 0.36 1875 44 1923 272
