person 0.8 4 150 58 285
person 0.92 40 187 146 460
person 0.64 98 154 169 280
person 0.92 181 211 303 481
handbag 0.27 190 297 233 366
person 0.98 281 50 358 270
person 0.98 330 65 428 298
handbag 0.26 404 141 442 188
person 0.99 428 42 498 251
person 0.96 641 66 712 240
backpack 0.67 743 150 784 227
person 0.94 746 116 814 327
person 0.97 782 196 903 528
person 0.66 806 75 864 192
backpack 0.4 851 236 917 371
person 0.55 852 174 926 305
person 0.62 864 82 927 226
person 0.99 926 112 1005 381
backpack 0.68 935 137 1008 249
person 0.45 944 77 1012 179
person 0.92 999 100 1065 340
person 0.96 1074 70 1139 249
person 1.0 1129 185 1278 634
person 0.92 1169 97 1223 216
person 0.95 1228 88 1289 236
handbag 0.73 1296 322 1353 405
person 0.97 1311 184 1433 522
person 0.36 1373 93 1429 218
person 1.0 1405 191 1508 530
handbag 0.49 1409 512 1528 574
person 0.4 1496 222 1558 429
person 0.99 1514 209 1635 543
person 0.98 1649 180 1768 580
person 0.83 1749 207 1838 506
person 0.99 1808 214 1909 499
person 0.34 1873 187 1912 525
