person 0.98 -1 149 75 292
person 0.99 67 148 167 299
backpack 0.75 179 231 251 300
person 1.0 598 205 706 437
person 0.93 714 61 789 262
person 0.49 758 88 821 284
backpack 0.4 772 136 818 215
person 0.83 784 189 909 529
person 0.58 791 108 861 265
backpack 0.83 826 265 914 373
person 0.89 861 82 928 239
person 0.48 891 80 955 238
person 0.99 906 157 993 444
person 0.5 941 83 1009 231
person 0.26 952 78 1002 161
person 0.29 954 117 1010 363
handbag 0.56 975 174 1011 236
backpack 0.52 975 174 1011 236
person 0.94 997 107 1060 331
person 1.0 1132 195 1279 635
person 0.98 1153 82 1223 248
person 0.96 1218 89 1289 229
handbag 0.44 1303 333 1352 423
person 0.99 1320 185 1427 530
person 0.37 1375 85 1428 222
person 0.98 1407 209 1513 544
suitcase 0.38 1408 496 1533 576
person 0.98 1504 76 1577 245
person 0.99 1513 195 1635 534
suitcase 0.32 1570 409 1654 516
handbag 0.76 1573 384 1655 517
person 0.98 1630 175 1766 555
backpack 0.79 1742 248 1841 367
person 0.5 1867 82 1920 282
