person 0.73 3 146 65 280
person 0.98 27 193 150 447
person 0.96 77 150 167 285
backpack 0.71 184 230 247 298
person 0.99 252 120 331 353
person 0.58 294 41 363 225
backpack 0.29 342 198 413 296
person 0.96 344 178 445 420
person 0.98 390 43 470 258
handbag 0.3 405 307 446 366
person 1.0 493 29 555 262
person 0.99 586 35 643 262
person 0.97 723 79 786 249
backpack 0.49 728 118 769 172
person 0.8 783 122 856 348
person 0.59 790 70 854 178
person 0.93 809 187 951 524
backpack 0.55 855 247 938 357
person 0.72 861 80 925 233
person 0.94 929 105 1000 370
person 0.47 941 82 1008 237
person 0.9 998 97 1062 363
person 0.99 1063 77 1131 254
person 0.99 1150 208 1329 616
person 0.95 1223 77 1283 234
person 0.88 1314 112 1374 238
person 0.99 1319 170 1423 529
person 0.91 1369 97 1429 224
backpack 0.34 1409 509 1533 577
handbag 0.3 1410 513 1529 575
person 0.97 1423 197 1516 524
person 1.0 1504 195 1606 522
handbag 0.36 1517 261 1598 392
handbag 0.98 1559 388 1681 505
person 1.0 1629 184 1775 577
handbag 0.61 1717 299 1795 425
person 0.95 1817 179 1914 537
