person 0.98 -1 149 78 292
person 1.0 68 149 170 299
backpack 0.72 179 229 250 299
person 0.7 758 83 808 240
handbag 0.37 759 258 818 332
person 0.7 767 199 878 463
backpack 0.3 774 126 807 205
person 0.7 794 106 849 248
person 0.53 797 67 838 119
person 0.95 833 194 940 521
person 0.31 843 79 881 132
backpack 0.42 851 247 921 357
person 0.92 854 77 921 229
person 0.87 941 78 1007 236
person 0.95 941 167 1035 435
backpack 0.69 949 216 1024 328
person 0.77 999 104 1061 367
person 1.0 1129 191 1279 634
person 0.99 1147 74 1206 253
person 0.94 1219 87 1287 226
handbag 0.44 1300 332 1349 424
person 0.99 1319 187 1424 526
person 0.98 1406 208 1512 549
person 0.99 1501 192 1617 536
person 0.96 1507 73 1574 246
person 0.98 1648 165 1770 594
handbag 0.72 1692 415 1774 513
person 0.96 1809 210 1918 552
