person 0.98 -1 151 75 291
person 0.99 68 148 164 298
person 1.0 156 164 260 389
person 0.93 299 92 374 314
person 0.97 429 198 500 445
handbag 0.28 432 281 494 336
person 0.96 476 109 549 275
handbag 0.8 490 261 544 330
person 1.0 515 212 625 432
person 0.77 626 82 675 270
person 0.84 649 93 699 262
person 0.38 761 99 826 220
backpack 0.48 774 130 826 204
person 0.86 793 208 888 509
person 0.98 810 215 985 725
person 0.92 819 74 877 232
person 0.88 886 80 945 225
person 1.0 899 214 1268 829
person 0.32 940 141 1012 331
person 0.86 941 80 1013 240
person 0.51 1001 118 1067 245
person 0.99 1147 197 1298 622
person 0.86 1165 77 1224 241
person 0.89 1224 86 1289 233
handbag 0.54 1296 337 1350 422
person 0.99 1318 188 1427 529
person 0.97 1404 209 1514 546
handbag 0.31 1410 510 1527 576
person 0.99 1516 185 1624 541
person 0.99 1650 181 1756 579
handbag 0.81 1698 417 1783 514
person 0.95 1733 198 1843 523
person 0.84 1765 149 1834 268
backpack 0.84 1809 279 1858 370
