person 0.98 1 200 86 507
backpack 0.33 2 278 39 357
person 0.75 4 159 76 255
person 0.71 78 149 162 271
backpack 0.59 93 234 171 373
person 0.96 111 200 221 498
backpack 0.36 125 261 208 380
person 0.97 172 183 273 481
person 0.99 500 161 798 1004
person 0.97 585 58 651 181
person 0.91 658 61 733 150
person 0.99 807 67 868 235
backpack 0.4 859 97 936 221
person 0.99 866 152 1022 567
person 0.38 866 102 940 254
backpack 0.62 875 123 931 197
person 0.36 908 81 968 228
person 0.81 945 84 1006 235
person 0.9 992 74 1054 239
person 0.96 1059 79 1126 240
handbag 0.25 1107 136 1128 168
person 1.0 1173 181 1337 634
person 0.98 1204 72 1275 251
person 0.79 1273 64 1337 197
person 0.99 1329 168 1423 542
person 0.35 1344 116 1420 255
person 0.99 1416 199 1526 555
person 1.0 1529 190 1637 534
person 0.95 1632 182 1773 572
handbag 0.72 1646 422 1744 518
person 0.77 1695 195 1791 528
person 0.98 1756 205 1856 496
person 0.28 1782 148 1889 460
