person 0.57 2 151 76 290
person 0.86 47 207 201 546
handbag 0.69 67 221 204 444
person 0.82 82 153 161 236
backpack 0.5 186 229 246 302
person 0.99 442 104 516 316
person 0.95 604 56 650 237
person 0.91 648 62 707 238
person 0.95 659 199 742 406
backpack 0.41 662 221 739 311
handbag 0.27 662 221 739 311
person 0.97 720 60 786 245
person 0.99 786 193 905 528
person 0.71 792 72 852 193
backpack 0.45 849 260 917 378
person 0.97 865 77 929 251
person 0.99 934 123 1012 375
person 0.64 937 80 1008 234
backpack 0.32 942 124 1011 254
backpack 0.56 976 170 1015 243
person 0.89 999 109 1061 359
person 0.89 1141 151 1208 291
person 1.0 1153 199 1320 613
person 0.63 1169 93 1226 214
person 0.95 1224 89 1289 218
person 0.99 1300 188 1415 521
person 1.0 1398 200 1510 554
person 1.0 1496 189 1616 538
handbag 0.78 1629 418 1730 504
person 0.9 1639 161 1754 563
person 0.99 1721 205 1845 550
backpack 0.82 1807 278 1862 370
