person 0.97 1 149 74 291
person 0.55 63 166 124 305
person 0.99 75 185 211 513
person 0.59 79 154 146 274
backpack 0.87 182 230 248 301
backpack 0.34 363 230 414 299
person 0.98 370 190 447 399
person 0.93 498 110 593 366
person 0.91 637 74 693 239
person 0.75 768 67 824 247
person 0.93 779 135 883 346
person 0.55 814 68 869 186
person 0.98 815 194 947 531
person 0.25 830 82 873 157
backpack 0.92 850 247 938 365
person 0.96 870 78 932 227
person 0.5 900 77 958 232
person 0.98 930 121 1002 359
person 0.27 938 83 1001 233
person 0.29 951 84 997 160
backpack 0.37 953 171 1003 239
person 0.89 998 99 1058 363
person 0.97 1099 82 1173 265
person 1.0 1149 204 1331 617
person 0.94 1227 82 1291 225
person 1.0 1319 178 1419 525
backpack 0.25 1410 507 1535 578
handbag 0.32 1411 512 1527 574
person 0.99 1418 221 1537 528
person 0.99 1527 188 1618 534
handbag 0.84 1598 416 1686 517
person 0.99 1623 172 1768 588
person 0.95 1772 212 1918 737
