person 0.98 1 149 78 295
person 0.35 40 143 108 304
person 0.27 75 148 156 288
person 0.99 84 169 203 465
backpack 0.81 184 230 242 303
person 0.98 224 131 318 407
baseball_glove 0.3 370 282 451 336
person 0.56 370 135 472 467
person 0.98 433 153 546 485
person 0.92 514 68 579 246
person 0.99 592 92 659 289
person 1.0 659 35 734 263
person 0.73 757 72 822 254
person 0.43 805 75 862 248
person 0.99 820 187 963 523
person 0.47 846 79 911 241
backpack 0.29 881 244 956 363
person 0.8 901 81 965 238
person 0.49 947 88 997 232
person 0.99 981 118 1052 348
backpack 0.39 995 156 1048 224
person 0.88 1059 116 1130 296
person 1.0 1089 169 1254 666
person 0.81 1121 85 1177 221
person 0.75 1170 71 1225 234
person 0.74 1201 74 1252 242
handbag 0.52 1203 317 1266 451
backpack 0.39 1203 317 1266 451
person 0.91 1245 78 1308 235
person 1.0 1247 186 1356 468
handbag 0.63 1381 310 1428 359
person 0.99 1388 197 1479 460
handbag 0.29 1432 253 1476 329
person 0.81 1470 209 1582 438
person 0.97 1538 210 1611 422
person 0.95 1779 83 1848 238
person 0.91 1816 84 1884 242
person 0.71 1870 96 1919 260
