person 0.91 5 151 68 284
person 0.99 54 152 179 449
person 0.58 92 154 165 277
backpack 0.76 184 230 245 299
person 0.99 267 100 350 347
person 0.34 358 132 429 351
person 0.33 359 56 435 157
person 0.98 371 128 463 410
person 0.68 465 47 534 161
backpack 0.28 472 199 513 276
person 0.71 485 105 578 265
person 0.99 487 159 590 446
person 0.95 554 45 630 250
person 0.97 629 44 697 252
person 0.96 747 69 816 255
handbag 0.7 748 106 800 165
person 0.48 811 81 875 284
person 0.78 840 83 908 296
person 0.98 874 201 994 503
person 0.55 900 83 967 233
person 0.44 948 82 1011 230
person 0.86 977 117 1051 343
backpack 0.32 997 154 1046 223
person 0.95 1048 96 1145 342
person 0.48 1102 109 1161 305
person 0.34 1115 77 1170 241
person 0.9 1163 66 1220 239
person 0.92 1220 68 1292 245
person 0.93 1262 70 1326 248
person 1.0 1429 187 1583 630
person 0.95 1605 69 1694 256
person 1.0 1612 182 1765 639
person 0.88 1693 85 1753 233
person 0.98 1771 85 1859 240
person 0.75 1872 51 1922 266
