person 0.97 0 149 74 291
person 0.99 65 149 167 299
backpack 0.78 179 230 249 300
person 1.0 679 167 757 388
backpack 0.37 774 130 807 200
person 0.91 786 84 852 291
person 0.99 816 188 929 520
backpack 0.73 845 244 924 361
person 0.66 859 80 924 224
person 0.92 905 177 986 490
person 0.76 938 79 1006 238
backpack 0.49 956 168 1000 242
person 0.93 997 113 1061 328
person 1.0 1129 188 1282 637
person 0.93 1156 75 1214 254
person 0.95 1220 88 1291 230
handbag 0.3 1301 333 1350 423
handbag 0.26 1302 213 1419 446
person 0.99 1316 190 1430 524
person 0.98 1402 206 1514 549
person 0.98 1497 198 1620 524
person 0.98 1504 74 1572 247
suitcase 0.84 1552 403 1664 526
handbag 0.54 1554 384 1663 519
person 0.99 1628 181 1774 576
person 0.99 1736 213 1870 547
backpack 0.88 1819 277 1894 363
