person 0.96 -1 149 73 287
person 0.99 64 149 169 298
backpack 0.73 180 230 249 300
person 1.0 473 44 549 261
person 0.99 546 64 611 255
person 0.9 609 81 682 287
person 0.82 656 69 720 252
person 1.0 680 178 786 527
backpack 0.43 811 114 842 185
person 0.97 812 189 918 530
person 0.82 822 97 873 253
backpack 0.77 835 262 922 375
person 0.92 869 75 928 250
person 0.45 896 74 954 247
person 0.98 927 120 1002 373
person 0.63 940 78 999 243
backpack 0.62 953 171 1001 242
person 0.98 999 103 1058 365
person 0.96 1060 76 1121 245
person 0.96 1155 97 1212 257
person 1.0 1159 210 1323 612
person 0.79 1220 90 1285 214
person 0.25 1312 207 1356 261
person 1.0 1315 180 1427 537
person 0.98 1408 214 1512 539
person 1.0 1499 203 1619 522
person 0.94 1505 73 1574 244
suitcase 0.44 1584 419 1645 528
handbag 0.71 1587 416 1653 526
person 1.0 1611 178 1750 581
person 0.98 1805 202 1917 554
